<svg width="167" height="426" viewBox="0 0 167 426" fill="none" xmlns="http://www.w3.org/2000/svg">
<path d="M137.075 151.562C137.075 151.562 137.075 151.455 137.075 151.383C136.968 142.736 135.151 134.16 132.194 126.012L130.626 121.617C128.274 115.042 125.21 108.717 121.113 103.107C121.113 103.071 121.042 103.036 121.042 103V104.001L120.971 103C120.971 103.036 120.899 103.071 120.899 103.107C116.802 108.717 113.738 115.042 111.386 121.617L109.819 125.977C106.897 134.124 105.044 142.7 104.938 151.348C104.938 151.419 104.938 151.455 104.938 151.526C104.938 151.955 104.938 152.384 104.938 152.813C104.938 153.241 104.938 153.67 104.938 154.099C104.938 154.17 104.938 154.206 104.938 154.278C105.044 162.961 106.861 171.501 109.819 179.649L111.386 184.008C113.738 190.547 116.802 196.872 120.899 202.518C120.899 202.554 120.971 202.59 120.971 202.625V201.625L121.042 202.625C121.042 202.59 121.113 202.554 121.113 202.518C125.21 196.872 128.274 190.547 130.626 184.008L132.194 179.613C135.115 171.466 136.968 162.89 137.075 154.242C137.075 154.171 137.075 154.135 137.075 154.063C137.075 153.635 137.075 153.206 137.075 152.777C137.075 152.348 137.075 151.919 137.075 151.491V151.562ZM127.099 155.707C127.099 156.1 127.099 156.529 127.063 156.922C126.992 158.351 126.885 159.816 126.742 161.282C126.742 161.424 126.742 161.532 126.707 161.675C126.564 163.175 126.351 164.748 126.101 166.32C124.64 175.253 122.146 181.292 121.006 183.651C119.902 181.328 117.372 175.289 115.911 166.32C115.662 164.748 115.448 163.175 115.305 161.675C115.305 161.532 115.305 161.424 115.27 161.282C115.127 159.781 115.02 158.351 114.949 156.922C114.949 156.529 114.914 156.136 114.914 155.707C114.914 154.742 114.878 153.813 114.878 152.848C114.878 151.919 114.878 150.99 114.914 149.99C114.914 149.597 114.914 149.168 114.949 148.775C115.02 147.345 115.127 145.88 115.27 144.415C115.27 144.272 115.27 144.165 115.305 144.022C115.448 142.521 115.662 140.949 115.911 139.377C117.372 130.443 119.866 124.404 121.006 122.046C122.111 124.369 124.64 130.408 126.101 139.377C126.351 140.949 126.564 142.521 126.707 144.022C126.707 144.165 126.707 144.272 126.742 144.415C126.885 145.916 126.992 147.345 127.063 148.775C127.063 149.168 127.099 149.561 127.099 149.99C127.099 150.954 127.134 151.884 127.134 152.848C127.134 153.778 127.134 154.707 127.099 155.707Z" fill="#E6EDF2" fill-opacity="0.5"/>
<path d="M137.075 254.937C137.075 254.937 137.075 254.83 137.075 254.758C136.968 246.111 135.151 237.535 132.194 229.387L130.626 224.992C128.274 218.417 125.21 212.092 121.113 206.482C121.113 206.446 121.042 206.411 121.042 206.375V207.376L120.971 206.375C120.971 206.411 120.899 206.446 120.899 206.482C116.802 212.092 113.738 218.417 111.386 224.992L109.819 229.352C106.897 237.499 105.044 246.075 104.938 254.723C104.938 254.794 104.938 254.83 104.938 254.901C104.938 255.33 104.938 255.759 104.938 256.188C104.938 256.616 104.938 257.045 104.938 257.474C104.938 257.545 104.938 257.581 104.938 257.653C105.044 266.336 106.861 274.876 109.819 283.024L111.386 287.383C113.738 293.922 116.802 300.247 120.899 305.893C120.899 305.929 120.971 305.965 120.971 306V305L121.042 306C121.042 305.965 121.113 305.929 121.113 305.893C125.21 300.247 128.274 293.922 130.626 287.383L132.194 282.988C135.115 274.841 136.968 266.265 137.075 257.617C137.075 257.546 137.075 257.51 137.075 257.438C137.075 257.01 137.075 256.581 137.075 256.152C137.075 255.723 137.075 255.294 137.075 254.866V254.937ZM127.099 259.082C127.099 259.475 127.099 259.904 127.063 260.297C126.992 261.726 126.885 263.191 126.742 264.657C126.742 264.799 126.742 264.907 126.707 265.05C126.564 266.55 126.351 268.123 126.101 269.695C124.64 278.628 122.146 284.667 121.006 287.026C119.902 284.703 117.372 278.664 115.911 269.695C115.662 268.123 115.448 266.55 115.305 265.05C115.305 264.907 115.305 264.799 115.27 264.657C115.127 263.156 115.02 261.726 114.949 260.297C114.949 259.904 114.914 259.511 114.914 259.082C114.914 258.117 114.878 257.188 114.878 256.223C114.878 255.294 114.878 254.365 114.914 253.365C114.914 252.972 114.914 252.543 114.949 252.15C115.02 250.72 115.127 249.255 115.27 247.79C115.27 247.647 115.27 247.54 115.305 247.397C115.448 245.896 115.662 244.324 115.911 242.752C117.372 233.818 119.866 227.779 121.006 225.421C122.111 227.744 124.64 233.783 126.101 242.752C126.351 244.324 126.564 245.896 126.707 247.397C126.707 247.54 126.707 247.647 126.742 247.79C126.885 249.291 126.992 250.72 127.063 252.15C127.063 252.543 127.099 252.936 127.099 253.365C127.099 254.329 127.134 255.259 127.134 256.223C127.134 257.153 127.134 258.082 127.099 259.082Z" fill="#E6EDF2" fill-opacity="0.5"/>
<path d="M166.532 201.374C166.532 201.374 166.532 201.267 166.532 201.196C166.425 192.548 164.608 183.972 161.651 175.825L160.083 171.43C157.731 164.855 154.667 158.53 150.57 152.92C150.57 152.884 150.499 152.848 150.499 152.812V153.813L150.428 152.812C150.428 152.848 150.356 152.884 150.356 152.92C146.259 158.53 143.195 164.855 140.843 171.43L139.276 175.789C136.354 183.936 134.501 192.513 134.395 201.16C134.395 201.232 134.395 201.267 134.395 201.339C134.395 201.767 134.395 202.196 134.395 202.625C134.395 203.054 134.395 203.483 134.395 203.912C134.395 203.983 134.395 204.019 134.395 204.09C134.501 212.774 136.318 221.314 139.276 229.461L140.843 233.821C143.195 240.36 146.259 246.685 150.356 252.331C150.356 252.366 150.428 252.402 150.428 252.438V251.437L150.499 252.438C150.499 252.402 150.57 252.366 150.57 252.331C154.667 246.685 157.731 240.36 160.083 233.821L161.651 229.425C164.572 221.278 166.425 212.702 166.532 204.054C166.532 203.983 166.532 203.947 166.532 203.876C166.532 203.447 166.532 203.018 166.532 202.589C166.532 202.161 166.532 201.732 166.532 201.303V201.374ZM156.556 205.52C156.556 205.913 156.556 206.341 156.52 206.735C156.449 208.164 156.342 209.629 156.199 211.094C156.199 211.237 156.199 211.344 156.164 211.487C156.021 212.988 155.808 214.56 155.558 216.132C154.097 225.066 151.603 231.105 150.463 233.463C149.359 231.141 146.829 225.102 145.368 216.132C145.119 214.56 144.905 212.988 144.762 211.487C144.762 211.344 144.762 211.237 144.727 211.094C144.584 209.593 144.478 208.164 144.406 206.735C144.406 206.341 144.371 205.948 144.371 205.52C144.371 204.555 144.335 203.626 144.335 202.661C144.335 201.732 144.335 200.803 144.371 199.802C144.371 199.409 144.371 198.98 144.406 198.587C144.478 197.158 144.584 195.693 144.727 194.228C144.727 194.085 144.727 193.978 144.762 193.835C144.905 192.334 145.119 190.762 145.368 189.189C146.829 180.256 149.323 174.217 150.463 171.858C151.568 174.181 154.097 180.22 155.558 189.189C155.808 190.762 156.021 192.334 156.164 193.835C156.164 193.978 156.164 194.085 156.199 194.228C156.342 195.729 156.449 197.158 156.52 198.587C156.52 198.98 156.556 199.373 156.556 199.802C156.556 200.767 156.591 201.696 156.591 202.661C156.591 203.59 156.591 204.519 156.556 205.52Z" fill="#E6EDF2" fill-opacity="0.5"/>
<path d="M108.149 201.374C108.149 201.374 108.149 201.267 108.149 201.196C108.042 192.548 106.225 183.972 103.268 175.825L101.7 171.43C99.3486 164.855 96.2845 158.53 92.1872 152.92C92.1872 152.884 92.1159 152.848 92.1159 152.812V153.813L92.0448 152.812C92.0448 152.848 91.9734 152.884 91.9734 152.92C87.8761 158.53 84.8121 164.855 82.4606 171.43L80.8929 175.789C77.9713 183.936 76.1186 192.513 76.0117 201.16C76.0117 201.232 76.0117 201.267 76.0117 201.339C76.0117 201.767 76.0117 202.196 76.0117 202.625C76.0117 203.054 76.0117 203.483 76.0117 203.912C76.0117 203.983 76.0117 204.019 76.0117 204.09C76.1186 212.774 77.9357 221.314 80.8929 229.461L82.4606 233.821C84.8121 240.36 87.8761 246.685 91.9734 252.331C91.9734 252.366 92.0448 252.402 92.0448 252.438V251.437L92.1159 252.438C92.1159 252.402 92.1872 252.366 92.1872 252.331C96.2845 246.685 99.3486 240.36 101.7 233.821L103.268 229.425C106.189 221.278 108.042 212.702 108.149 204.054C108.149 203.983 108.149 203.947 108.149 203.876C108.149 203.447 108.149 203.018 108.149 202.589C108.149 202.161 108.149 201.732 108.149 201.303V201.374ZM98.1728 205.52C98.1728 205.913 98.1728 206.341 98.1372 206.735C98.0659 208.164 97.9592 209.629 97.8166 211.094C97.8166 211.237 97.8166 211.344 97.781 211.487C97.6385 212.988 97.4248 214.56 97.1753 216.132C95.7146 225.066 93.2206 231.105 92.0804 233.463C90.9759 231.141 88.4461 225.102 86.9853 216.132C86.7359 214.56 86.5222 212.988 86.3797 211.487C86.3797 211.344 86.3796 211.237 86.344 211.094C86.2015 209.593 86.0947 208.164 86.0235 206.735C86.0235 206.341 85.9878 205.948 85.9878 205.52C85.9878 204.555 85.9521 203.626 85.9521 202.661C85.9521 201.732 85.9522 200.803 85.9878 199.802C85.9878 199.409 85.9878 198.98 86.0235 198.587C86.0947 197.158 86.2015 195.693 86.344 194.228C86.344 194.085 86.344 193.978 86.3797 193.835C86.5222 192.334 86.7359 190.762 86.9853 189.189C88.4461 180.256 90.9403 174.217 92.0804 171.858C93.1849 174.181 95.7146 180.22 97.1753 189.189C97.4248 190.762 97.6385 192.334 97.781 193.835C97.781 193.978 97.781 194.085 97.8166 194.228C97.9592 195.729 98.0659 197.158 98.1372 198.587C98.1372 198.98 98.1728 199.373 98.1728 199.802C98.1728 200.767 98.2085 201.696 98.2085 202.661C98.2085 203.59 98.2085 204.519 98.1728 205.52Z" fill="#E6EDF2" fill-opacity="0.5"/>
<path d="M61.063 48.562C61.063 48.562 61.063 48.4548 61.063 48.3833C60.9561 39.7358 59.139 31.1597 56.1818 23.0125L54.6141 18.6172C52.2626 12.0422 49.1986 5.71737 45.1013 0.107196C45.1013 0.0714629 45.0299 0.0357336 45.0299 0V1.00054L44.9588 0C44.9588 0.0357336 44.8875 0.0714629 44.8875 0.107196C40.7902 5.71737 37.7261 12.0422 35.3746 18.6172L33.8069 22.9767C30.8854 31.1239 29.0327 39.7 28.9258 48.3476C28.9258 48.419 28.9258 48.4547 28.9258 48.5262C28.9258 48.955 28.9258 49.3839 28.9258 49.8127C28.9258 50.2415 28.9258 50.6702 28.9258 51.099C28.9258 51.1705 28.9258 51.2063 28.9258 51.2778C29.0327 59.961 30.8497 68.5014 33.8069 76.6486L35.3746 81.0081C37.7261 87.5474 40.7902 93.8722 44.8875 99.5181C44.8875 99.5539 44.9588 99.5896 44.9588 99.6253V98.6248L45.0299 99.6253C45.0299 99.5896 45.1013 99.5539 45.1013 99.5181C49.1986 93.8722 52.2626 87.5474 54.6141 81.0081L56.1818 76.6129C59.1034 68.4656 60.9561 59.8895 61.063 51.242C61.063 51.1705 61.063 51.1348 61.063 51.0634C61.063 50.6346 61.063 50.2057 61.063 49.7769C61.063 49.3481 61.063 48.9193 61.063 48.4905V48.562ZM51.0869 52.7071C51.0869 53.1001 51.0869 53.5289 51.0512 53.922C50.98 55.3514 50.8732 56.8164 50.7307 58.2815C50.7307 58.4244 50.7307 58.5317 50.695 58.6746C50.5525 60.1754 50.3388 61.7477 50.0894 63.32C48.6286 72.2534 46.1346 78.2924 44.9945 80.6508C43.89 78.3281 41.3601 72.2891 39.8994 63.32C39.65 61.7477 39.4362 60.1754 39.2937 58.6746C39.2937 58.5317 39.2937 58.4244 39.2581 58.2815C39.1155 56.7807 39.0088 55.3514 38.9375 53.922C38.9375 53.5289 38.9019 53.1359 38.9019 52.7071C38.9019 51.7423 38.8662 50.8132 38.8662 49.8484C38.8662 48.9194 38.8662 47.9902 38.9019 46.9897C38.9019 46.5966 38.9019 46.1678 38.9375 45.7747C39.0088 44.3454 39.1155 42.8803 39.2581 41.4152C39.2581 41.2723 39.2581 41.1652 39.2937 41.0222C39.4362 39.5214 39.65 37.9491 39.8994 36.3768C41.3601 27.4434 43.8544 21.4044 44.9945 19.046C46.099 21.3687 48.6286 27.4077 50.0894 36.3768C50.3388 37.9491 50.5525 39.5214 50.695 41.0222C50.695 41.1652 50.6951 41.2723 50.7307 41.4152C50.8732 42.9161 50.98 44.3454 51.0512 45.7747C51.0512 46.1678 51.0869 46.5609 51.0869 46.9897C51.0869 47.9545 51.1226 48.8836 51.1226 49.8484C51.1226 50.7775 51.1225 51.7065 51.0869 52.7071Z" fill="#E6EDF2" fill-opacity="0.5"/>
<path d="M61.063 151.937C61.063 151.937 61.063 151.83 61.063 151.758C60.9561 143.111 59.139 134.535 56.1818 126.387L54.6141 121.992C52.2626 115.417 49.1986 109.092 45.1013 103.482C45.1013 103.446 45.0299 103.411 45.0299 103.375V104.376L44.9588 103.375C44.9588 103.411 44.8875 103.446 44.8875 103.482C40.7902 109.092 37.7261 115.417 35.3746 121.992L33.8069 126.352C30.8854 134.499 29.0327 143.075 28.9258 151.723C28.9258 151.794 28.9258 151.83 28.9258 151.901C28.9258 152.33 28.9258 152.759 28.9258 153.188C28.9258 153.616 28.9258 154.045 28.9258 154.474C28.9258 154.545 28.9258 154.581 28.9258 154.653C29.0327 163.336 30.8497 171.876 33.8069 180.024L35.3746 184.383C37.7261 190.922 40.7902 197.247 44.8875 202.893C44.8875 202.929 44.9588 202.965 44.9588 203V202L45.0299 203C45.0299 202.965 45.1013 202.929 45.1013 202.893C49.1986 197.247 52.2626 190.922 54.6141 184.383L56.1818 179.988C59.1034 171.841 60.9561 163.265 61.063 154.617C61.063 154.546 61.063 154.51 61.063 154.438C61.063 154.01 61.063 153.581 61.063 153.152C61.063 152.723 61.063 152.294 61.063 151.866V151.937ZM51.0869 156.082C51.0869 156.475 51.0869 156.904 51.0512 157.297C50.98 158.726 50.8732 160.191 50.7307 161.657C50.7307 161.799 50.7307 161.907 50.695 162.05C50.5525 163.55 50.3388 165.123 50.0894 166.695C48.6286 175.628 46.1346 181.667 44.9945 184.026C43.89 181.703 41.3601 175.664 39.8994 166.695C39.65 165.123 39.4362 163.55 39.2937 162.05C39.2937 161.907 39.2937 161.799 39.2581 161.657C39.1155 160.156 39.0088 158.726 38.9375 157.297C38.9375 156.904 38.9019 156.511 38.9019 156.082C38.9019 155.117 38.8662 154.188 38.8662 153.223C38.8662 152.294 38.8662 151.365 38.9019 150.365C38.9019 149.972 38.9019 149.543 38.9375 149.15C39.0088 147.72 39.1155 146.255 39.2581 144.79C39.2581 144.647 39.2581 144.54 39.2937 144.397C39.4362 142.896 39.65 141.324 39.8994 139.752C41.3601 130.818 43.8544 124.779 44.9945 122.421C46.099 124.744 48.6286 130.783 50.0894 139.752C50.3388 141.324 50.5525 142.896 50.695 144.397C50.695 144.54 50.6951 144.647 50.7307 144.79C50.8732 146.291 50.98 147.72 51.0512 149.15C51.0512 149.543 51.0869 149.936 51.0869 150.365C51.0869 151.329 51.1226 152.259 51.1226 153.223C51.1226 154.153 51.1225 155.082 51.0869 156.082Z" fill="#E6EDF2" fill-opacity="0.5"/>
<path d="M90.52 98.3745C90.52 98.3745 90.52 98.2673 90.52 98.1958C90.4131 89.5483 88.5961 80.9722 85.6389 72.825L84.0712 68.4297C81.7197 61.8547 78.6556 55.5299 74.5583 49.9197C74.5583 49.884 74.487 49.8482 74.487 49.8125V50.813L74.4159 49.8125C74.4159 49.8482 74.3445 49.884 74.3445 49.9197C70.2472 55.5299 67.1832 61.8547 64.8317 68.4297L63.264 72.7892C60.3424 80.9364 58.4897 89.5125 58.3828 98.1601C58.3828 98.2315 58.3828 98.2672 58.3828 98.3387C58.3828 98.7675 58.3828 99.1964 58.3828 99.6252C58.3828 100.054 58.3828 100.483 58.3828 100.912C58.3828 100.983 58.3828 101.019 58.3828 101.09C58.4897 109.774 60.3068 118.314 63.264 126.461L64.8317 130.821C67.1832 137.36 70.2472 143.685 74.3445 149.331C74.3445 149.366 74.4159 149.402 74.4159 149.438V148.437L74.487 149.438C74.487 149.402 74.5583 149.366 74.5583 149.331C78.6556 143.685 81.7197 137.36 84.0712 130.821L85.6389 126.425C88.5604 118.278 90.4131 109.702 90.52 101.054C90.52 100.983 90.52 100.947 90.52 100.876C90.52 100.447 90.52 100.018 90.52 99.5894C90.52 99.1606 90.52 98.7318 90.52 98.303V98.3745ZM80.5439 102.52C80.5439 102.913 80.5439 103.341 80.5083 103.735C80.437 105.164 80.3303 106.629 80.1877 108.094C80.1877 108.237 80.1877 108.344 80.1521 108.487C80.0096 109.988 79.7958 111.56 79.5464 113.132C78.0857 122.066 75.5917 128.105 74.4515 130.463C73.347 128.141 70.8172 122.102 69.3564 113.132C69.107 111.56 68.8933 109.988 68.7508 108.487C68.7508 108.344 68.7507 108.237 68.7151 108.094C68.5726 106.593 68.4658 105.164 68.3946 103.735C68.3946 103.341 68.3589 102.948 68.3589 102.52C68.3589 101.555 68.3232 100.626 68.3232 99.6609C68.3232 98.7319 68.3233 97.8027 68.3589 96.8022C68.3589 96.4091 68.3589 95.9803 68.3946 95.5872C68.4658 94.1579 68.5726 92.6928 68.7151 91.2277C68.7151 91.0848 68.7151 90.9777 68.7508 90.8347C68.8933 89.3339 69.107 87.7616 69.3564 86.1893C70.8172 77.2559 73.3114 71.2169 74.4515 68.8585C75.556 71.1812 78.0857 77.2202 79.5464 86.1893C79.7958 87.7616 80.0096 89.3339 80.1521 90.8347C80.1521 90.9777 80.1521 91.0848 80.1877 91.2277C80.3303 92.7286 80.437 94.1579 80.5083 95.5872C80.5083 95.9803 80.5439 96.3734 80.5439 96.8022C80.5439 97.767 80.5796 98.6961 80.5796 99.6609C80.5796 100.59 80.5796 101.519 80.5439 102.52Z" fill="#E6EDF2" fill-opacity="0.5"/>
<path d="M32.1372 98.3745C32.1372 98.3745 32.1372 98.2673 32.1372 98.1958C32.0303 89.5483 30.2133 80.9722 27.256 72.825L25.6884 68.4297C23.3369 61.8547 20.2728 55.5299 16.1755 49.9197C16.1755 49.884 16.1042 49.8482 16.1042 49.8125V50.813L16.033 49.8125C16.033 49.8482 15.9617 49.884 15.9617 49.9197C11.8644 55.5299 8.80035 61.8547 6.44884 68.4297L4.88115 72.7892C1.95958 80.9364 0.106887 89.5125 0 98.1601C0 98.2315 0 98.2672 0 98.3387C0 98.7675 0 99.1964 0 99.6252C0 100.054 0 100.483 0 100.912C0 100.983 0 101.019 0 101.09C0.106887 109.774 1.92395 118.314 4.88115 126.461L6.44884 130.821C8.80035 137.36 11.8644 143.685 15.9617 149.331C15.9617 149.366 16.033 149.402 16.033 149.438V148.437L16.1042 149.438C16.1042 149.402 16.1755 149.366 16.1755 149.331C20.2728 143.685 23.3369 137.36 25.6884 130.821L27.256 126.425C30.1776 118.278 32.0303 109.702 32.1372 101.054C32.1372 100.983 32.1372 100.947 32.1372 100.876C32.1372 100.447 32.1372 100.018 32.1372 99.5894C32.1372 99.1606 32.1372 98.7318 32.1372 98.303V98.3745ZM22.1611 102.52C22.1611 102.913 22.1611 103.341 22.1255 103.735C22.0542 105.164 21.9474 106.629 21.8049 108.094C21.8049 108.237 21.8049 108.344 21.7693 108.487C21.6267 109.988 21.413 111.56 21.1636 113.132C19.7028 122.066 17.2088 128.105 16.0687 130.463C14.9642 128.141 12.4344 122.102 10.9736 113.132C10.7242 111.56 10.5105 109.988 10.3679 108.487C10.3679 108.344 10.3679 108.237 10.3323 108.094C10.1898 106.593 10.083 105.164 10.0117 103.735C10.0117 103.341 9.97607 102.948 9.97607 102.52C9.97607 101.555 9.94041 100.626 9.94041 99.6609C9.94041 98.7319 9.94045 97.8027 9.97607 96.8022C9.97607 96.4091 9.97611 95.9803 10.0117 95.5872C10.083 94.1579 10.1898 92.6928 10.3323 91.2277C10.3323 91.0848 10.3323 90.9777 10.3679 90.8347C10.5105 89.3339 10.7242 87.7616 10.9736 86.1893C12.4344 77.2559 14.9286 71.2169 16.0687 68.8585C17.1732 71.1812 19.7028 77.2202 21.1636 86.1893C21.413 87.7616 21.6267 89.3339 21.7693 90.8347C21.7693 90.9777 21.7693 91.0848 21.8049 91.2277C21.9474 92.7286 22.0542 94.1579 22.1255 95.5872C22.1255 95.9803 22.1611 96.3734 22.1611 96.8022C22.1611 97.767 22.1968 98.6961 22.1968 99.6609C22.1968 100.59 22.1968 101.519 22.1611 102.52Z" fill="#E6EDF2" fill-opacity="0.5"/>
<path d="M61.063 271.562C61.063 271.562 61.063 271.455 61.063 271.383C60.9561 262.736 59.139 254.16 56.1818 246.012L54.6141 241.617C52.2626 235.042 49.1986 228.717 45.1013 223.107C45.1013 223.071 45.0299 223.036 45.0299 223V224.001L44.9588 223C44.9588 223.036 44.8875 223.071 44.8875 223.107C40.7902 228.717 37.7261 235.042 35.3746 241.617L33.8069 245.977C30.8854 254.124 29.0327 262.7 28.9258 271.348C28.9258 271.419 28.9258 271.455 28.9258 271.526C28.9258 271.955 28.9258 272.384 28.9258 272.813C28.9258 273.241 28.9258 273.67 28.9258 274.099C28.9258 274.17 28.9258 274.206 28.9258 274.278C29.0327 282.961 30.8497 291.501 33.8069 299.649L35.3746 304.008C37.7261 310.547 40.7902 316.872 44.8875 322.518C44.8875 322.554 44.9588 322.59 44.9588 322.625V321.625L45.0299 322.625C45.0299 322.59 45.1013 322.554 45.1013 322.518C49.1986 316.872 52.2626 310.547 54.6141 304.008L56.1818 299.613C59.1034 291.466 60.9561 282.89 61.063 274.242C61.063 274.171 61.063 274.135 61.063 274.063C61.063 273.635 61.063 273.206 61.063 272.777C61.063 272.348 61.063 271.919 61.063 271.491V271.562ZM51.0869 275.707C51.0869 276.1 51.0869 276.529 51.0512 276.922C50.98 278.351 50.8732 279.816 50.7307 281.282C50.7307 281.424 50.7307 281.532 50.695 281.675C50.5525 283.175 50.3388 284.748 50.0894 286.32C48.6286 295.253 46.1346 301.292 44.9945 303.651C43.89 301.328 41.3601 295.289 39.8994 286.32C39.65 284.748 39.4362 283.175 39.2937 281.675C39.2937 281.532 39.2937 281.424 39.2581 281.282C39.1155 279.781 39.0088 278.351 38.9375 276.922C38.9375 276.529 38.9019 276.136 38.9019 275.707C38.9019 274.742 38.8662 273.813 38.8662 272.848C38.8662 271.919 38.8662 270.99 38.9019 269.99C38.9019 269.597 38.9019 269.168 38.9375 268.775C39.0088 267.345 39.1155 265.88 39.2581 264.415C39.2581 264.272 39.2581 264.165 39.2937 264.022C39.4362 262.521 39.65 260.949 39.8994 259.377C41.3601 250.443 43.8544 244.404 44.9945 242.046C46.099 244.369 48.6286 250.408 50.0894 259.377C50.3388 260.949 50.5525 262.521 50.695 264.022C50.695 264.165 50.6951 264.272 50.7307 264.415C50.8732 265.916 50.98 267.345 51.0512 268.775C51.0512 269.168 51.0869 269.561 51.0869 269.99C51.0869 270.954 51.1226 271.884 51.1226 272.848C51.1226 273.778 51.1225 274.707 51.0869 275.707Z" fill="#E6EDF2" fill-opacity="0.5"/>
<path d="M61.063 374.937C61.063 374.937 61.063 374.83 61.063 374.758C60.9561 366.111 59.139 357.535 56.1818 349.387L54.6141 344.992C52.2626 338.417 49.1986 332.092 45.1013 326.482C45.1013 326.446 45.0299 326.411 45.0299 326.375V327.376L44.9588 326.375C44.9588 326.411 44.8875 326.446 44.8875 326.482C40.7902 332.092 37.7261 338.417 35.3746 344.992L33.8069 349.352C30.8854 357.499 29.0327 366.075 28.9258 374.723C28.9258 374.794 28.9258 374.83 28.9258 374.901C28.9258 375.33 28.9258 375.759 28.9258 376.188C28.9258 376.616 28.9258 377.045 28.9258 377.474C28.9258 377.545 28.9258 377.581 28.9258 377.653C29.0327 386.336 30.8497 394.876 33.8069 403.024L35.3746 407.383C37.7261 413.922 40.7902 420.247 44.8875 425.893C44.8875 425.929 44.9588 425.965 44.9588 426V425L45.0299 426C45.0299 425.965 45.1013 425.929 45.1013 425.893C49.1986 420.247 52.2626 413.922 54.6141 407.383L56.1818 402.988C59.1034 394.841 60.9561 386.265 61.063 377.617C61.063 377.546 61.063 377.51 61.063 377.438C61.063 377.01 61.063 376.581 61.063 376.152C61.063 375.723 61.063 375.294 61.063 374.866V374.937ZM51.0869 379.082C51.0869 379.475 51.0869 379.904 51.0512 380.297C50.98 381.726 50.8732 383.191 50.7307 384.657C50.7307 384.799 50.7307 384.907 50.695 385.05C50.5525 386.55 50.3388 388.123 50.0894 389.695C48.6286 398.628 46.1346 404.667 44.9945 407.026C43.89 404.703 41.3601 398.664 39.8994 389.695C39.65 388.123 39.4362 386.55 39.2937 385.05C39.2937 384.907 39.2937 384.799 39.2581 384.657C39.1155 383.156 39.0088 381.726 38.9375 380.297C38.9375 379.904 38.9019 379.511 38.9019 379.082C38.9019 378.117 38.8662 377.188 38.8662 376.223C38.8662 375.294 38.8662 374.365 38.9019 373.365C38.9019 372.972 38.9019 372.543 38.9375 372.15C39.0088 370.72 39.1155 369.255 39.2581 367.79C39.2581 367.647 39.2581 367.54 39.2937 367.397C39.4362 365.896 39.65 364.324 39.8994 362.752C41.3601 353.818 43.8544 347.779 44.9945 345.421C46.099 347.744 48.6286 353.783 50.0894 362.752C50.3388 364.324 50.5525 365.896 50.695 367.397C50.695 367.54 50.6951 367.647 50.7307 367.79C50.8732 369.291 50.98 370.72 51.0512 372.15C51.0512 372.543 51.0869 372.936 51.0869 373.365C51.0869 374.329 51.1226 375.259 51.1226 376.223C51.1226 377.153 51.1225 378.082 51.0869 379.082Z" fill="#E6EDF2" fill-opacity="0.5"/>
<path d="M90.52 321.374C90.52 321.374 90.52 321.267 90.52 321.196C90.4131 312.548 88.5961 303.972 85.6389 295.825L84.0712 291.43C81.7197 284.855 78.6556 278.53 74.5583 272.92C74.5583 272.884 74.487 272.848 74.487 272.812V273.813L74.4159 272.812C74.4159 272.848 74.3445 272.884 74.3445 272.92C70.2472 278.53 67.1832 284.855 64.8317 291.43L63.264 295.789C60.3424 303.936 58.4897 312.513 58.3828 321.16C58.3828 321.232 58.3828 321.267 58.3828 321.339C58.3828 321.767 58.3828 322.196 58.3828 322.625C58.3828 323.054 58.3828 323.483 58.3828 323.912C58.3828 323.983 58.3828 324.019 58.3828 324.09C58.4897 332.774 60.3068 341.314 63.264 349.461L64.8317 353.821C67.1832 360.36 70.2472 366.685 74.3445 372.331C74.3445 372.366 74.4159 372.402 74.4159 372.438V371.437L74.487 372.438C74.487 372.402 74.5583 372.366 74.5583 372.331C78.6556 366.685 81.7197 360.36 84.0712 353.821L85.6389 349.425C88.5604 341.278 90.4131 332.702 90.52 324.054C90.52 323.983 90.52 323.947 90.52 323.876C90.52 323.447 90.52 323.018 90.52 322.589C90.52 322.161 90.52 321.732 90.52 321.303V321.374ZM80.5439 325.52C80.5439 325.913 80.5439 326.341 80.5083 326.735C80.437 328.164 80.3303 329.629 80.1877 331.094C80.1877 331.237 80.1877 331.344 80.1521 331.487C80.0096 332.988 79.7958 334.56 79.5464 336.132C78.0857 345.066 75.5917 351.105 74.4515 353.463C73.347 351.141 70.8172 345.102 69.3564 336.132C69.107 334.56 68.8933 332.988 68.7508 331.487C68.7508 331.344 68.7507 331.237 68.7151 331.094C68.5726 329.593 68.4658 328.164 68.3946 326.735C68.3946 326.341 68.3589 325.948 68.3589 325.52C68.3589 324.555 68.3232 323.626 68.3232 322.661C68.3232 321.732 68.3233 320.803 68.3589 319.802C68.3589 319.409 68.3589 318.98 68.3946 318.587C68.4658 317.158 68.5726 315.693 68.7151 314.228C68.7151 314.085 68.7151 313.978 68.7508 313.835C68.8933 312.334 69.107 310.762 69.3564 309.189C70.8172 300.256 73.3114 294.217 74.4515 291.858C75.556 294.181 78.0857 300.22 79.5464 309.189C79.7958 310.762 80.0096 312.334 80.1521 313.835C80.1521 313.978 80.1521 314.085 80.1877 314.228C80.3303 315.729 80.437 317.158 80.5083 318.587C80.5083 318.98 80.5439 319.373 80.5439 319.802C80.5439 320.767 80.5796 321.696 80.5796 322.661C80.5796 323.59 80.5796 324.519 80.5439 325.52Z" fill="#E6EDF2" fill-opacity="0.5"/>
<path d="M32.1372 321.374C32.1372 321.374 32.1372 321.267 32.1372 321.196C32.0303 312.548 30.2133 303.972 27.256 295.825L25.6884 291.43C23.3369 284.855 20.2728 278.53 16.1755 272.92C16.1755 272.884 16.1042 272.848 16.1042 272.812V273.813L16.033 272.812C16.033 272.848 15.9617 272.884 15.9617 272.92C11.8644 278.53 8.80035 284.855 6.44884 291.43L4.88115 295.789C1.95958 303.936 0.106887 312.513 0 321.16C0 321.232 0 321.267 0 321.339C0 321.767 0 322.196 0 322.625C0 323.054 0 323.483 0 323.912C0 323.983 0 324.019 0 324.09C0.106887 332.774 1.92395 341.314 4.88115 349.461L6.44884 353.821C8.80035 360.36 11.8644 366.685 15.9617 372.331C15.9617 372.366 16.033 372.402 16.033 372.438V371.437L16.1042 372.438C16.1042 372.402 16.1755 372.366 16.1755 372.331C20.2728 366.685 23.3369 360.36 25.6884 353.821L27.256 349.425C30.1776 341.278 32.0303 332.702 32.1372 324.054C32.1372 323.983 32.1372 323.947 32.1372 323.876C32.1372 323.447 32.1372 323.018 32.1372 322.589C32.1372 322.161 32.1372 321.732 32.1372 321.303V321.374ZM22.1611 325.52C22.1611 325.913 22.1611 326.341 22.1255 326.735C22.0542 328.164 21.9474 329.629 21.8049 331.094C21.8049 331.237 21.8049 331.344 21.7693 331.487C21.6267 332.988 21.413 334.56 21.1636 336.132C19.7028 345.066 17.2088 351.105 16.0687 353.463C14.9642 351.141 12.4344 345.102 10.9736 336.132C10.7242 334.56 10.5105 332.988 10.3679 331.487C10.3679 331.344 10.3679 331.237 10.3323 331.094C10.1898 329.593 10.083 328.164 10.0117 326.735C10.0117 326.341 9.97607 325.948 9.97607 325.52C9.97607 324.555 9.94041 323.626 9.94041 322.661C9.94041 321.732 9.94045 320.803 9.97607 319.802C9.97607 319.409 9.97611 318.98 10.0117 318.587C10.083 317.158 10.1898 315.693 10.3323 314.228C10.3323 314.085 10.3323 313.978 10.3679 313.835C10.5105 312.334 10.7242 310.762 10.9736 309.189C12.4344 300.256 14.9286 294.217 16.0687 291.858C17.1732 294.181 19.7028 300.22 21.1636 309.189C21.413 310.762 21.6267 312.334 21.7693 313.835C21.7693 313.978 21.7693 314.085 21.8049 314.228C21.9474 315.729 22.0542 317.158 22.1255 318.587C22.1255 318.98 22.1611 319.373 22.1611 319.802C22.1611 320.767 22.1968 321.696 22.1968 322.661C22.1968 323.59 22.1968 324.519 22.1611 325.52Z" fill="#E6EDF2" fill-opacity="0.5"/>
</svg>
