<svg width="249" height="470" viewBox="0 0 249 470" fill="none" xmlns="http://www.w3.org/2000/svg">
<mask id="mask0_41387_30312" style="mask-type:alpha" maskUnits="userSpaceOnUse" x="0" y="0" width="249" height="470">
<rect width="249" height="470" fill="#D9D9D9"/>
</mask>
<g mask="url(#mask0_41387_30312)">
<path d="M89.9253 37.562C89.9253 37.562 89.9253 37.4548 89.9253 37.3833C90.0322 28.7358 91.8492 20.1597 94.8065 12.0125L96.3741 7.61718C98.7256 1.0422 101.79 -5.28263 105.887 -10.8928C105.887 -10.9285 105.958 -10.9643 105.958 -11V-9.99946L106.029 -11C106.029 -10.9643 106.101 -10.9285 106.101 -10.8928C110.198 -5.28263 113.262 1.0422 115.614 7.61718L117.181 11.9767C120.103 20.1239 121.956 28.7 122.062 37.3476C122.062 37.419 122.062 37.4547 122.062 37.5262C122.062 37.955 122.062 38.3839 122.062 38.8127C122.062 39.2415 122.062 39.6702 122.062 40.099C122.062 40.1705 122.062 40.2063 122.062 40.2778C121.956 48.961 120.139 57.5014 117.181 65.6486L115.614 70.0081C113.262 76.5474 110.198 82.8722 106.101 88.5181C106.101 88.5539 106.029 88.5896 106.029 88.6253V87.6248L105.958 88.6253C105.958 88.5896 105.887 88.5539 105.887 88.5181C101.79 82.8722 98.7256 76.5474 96.3741 70.0081L94.8065 65.6129C91.8849 57.4656 90.0322 48.8895 89.9253 40.242C89.9253 40.1705 89.9253 40.1348 89.9253 40.0634C89.9253 39.6346 89.9253 39.2057 89.9253 38.7769C89.9253 38.3481 89.9253 37.9193 89.9253 37.4905V37.562ZM99.9014 41.7071C99.9014 42.1001 99.9014 42.5289 99.937 42.922C100.008 44.3514 100.115 45.8164 100.258 47.2815C100.258 47.4244 100.258 47.5317 100.293 47.6746C100.436 49.1754 100.649 50.7477 100.899 52.32C102.36 61.2534 104.854 67.2924 105.994 69.6508C107.098 67.3281 109.628 61.2891 111.089 52.32C111.338 50.7477 111.552 49.1754 111.695 47.6746C111.695 47.5317 111.695 47.4244 111.73 47.2815C111.873 45.7807 111.98 44.3514 112.051 42.922C112.051 42.5289 112.086 42.1359 112.086 41.7071C112.086 40.7423 112.122 39.8132 112.122 38.8484C112.122 37.9194 112.122 36.9902 112.086 35.9897C112.086 35.5966 112.086 35.1678 112.051 34.7747C111.98 33.3454 111.873 31.8803 111.73 30.4152C111.73 30.2723 111.73 30.1652 111.695 30.0222C111.552 28.5214 111.338 26.9491 111.089 25.3768C109.628 16.4434 107.134 10.4044 105.994 8.04597C104.889 10.3687 102.36 16.4077 100.899 25.3768C100.649 26.9491 100.436 28.5214 100.293 30.0222C100.293 30.1652 100.293 30.2723 100.258 30.4152C100.115 31.9161 100.008 33.3454 99.937 34.7747C99.937 35.1678 99.9014 35.5609 99.9014 35.9897C99.9014 36.9545 99.8657 37.8836 99.8657 38.8484C99.8657 39.7775 99.8657 40.7065 99.9014 41.7071Z" fill="#E3F4FD"/>
<path d="M89.9253 140.937C89.9253 140.937 89.9253 140.83 89.9253 140.758C90.0322 132.111 91.8492 123.535 94.8065 115.387L96.3741 110.992C98.7256 104.417 101.79 98.0924 105.887 92.4822C105.887 92.4465 105.958 92.4107 105.958 92.375V93.3755L106.029 92.375C106.029 92.4107 106.101 92.4465 106.101 92.4822C110.198 98.0924 113.262 104.417 115.614 110.992L117.181 115.352C120.103 123.499 121.956 132.075 122.062 140.723C122.062 140.794 122.062 140.83 122.062 140.901C122.062 141.33 122.062 141.759 122.062 142.188C122.062 142.616 122.062 143.045 122.062 143.474C122.062 143.545 122.062 143.581 122.062 143.653C121.956 152.336 120.139 160.876 117.181 169.024L115.614 173.383C113.262 179.922 110.198 186.247 106.101 191.893C106.101 191.929 106.029 191.965 106.029 192V191L105.958 192C105.958 191.965 105.887 191.929 105.887 191.893C101.79 186.247 98.7256 179.922 96.3741 173.383L94.8065 168.988C91.8849 160.841 90.0322 152.265 89.9253 143.617C89.9253 143.546 89.9253 143.51 89.9253 143.438C89.9253 143.01 89.9253 142.581 89.9253 142.152C89.9253 141.723 89.9253 141.294 89.9253 140.866V140.937ZM99.9014 145.082C99.9014 145.475 99.9014 145.904 99.937 146.297C100.008 147.726 100.115 149.191 100.258 150.657C100.258 150.799 100.258 150.907 100.293 151.05C100.436 152.55 100.649 154.123 100.899 155.695C102.36 164.628 104.854 170.667 105.994 173.026C107.098 170.703 109.628 164.664 111.089 155.695C111.338 154.123 111.552 152.55 111.695 151.05C111.695 150.907 111.695 150.799 111.73 150.657C111.873 149.156 111.98 147.726 112.051 146.297C112.051 145.904 112.086 145.511 112.086 145.082C112.086 144.117 112.122 143.188 112.122 142.223C112.122 141.294 112.122 140.365 112.086 139.365C112.086 138.972 112.086 138.543 112.051 138.15C111.98 136.72 111.873 135.255 111.73 133.79C111.73 133.647 111.73 133.54 111.695 133.397C111.552 131.896 111.338 130.324 111.089 128.752C109.628 119.818 107.134 113.779 105.994 111.421C104.889 113.744 102.36 119.783 100.899 128.752C100.649 130.324 100.436 131.896 100.293 133.397C100.293 133.54 100.293 133.647 100.258 133.79C100.115 135.291 100.008 136.72 99.937 138.15C99.937 138.543 99.9014 138.936 99.9014 139.365C99.9014 140.329 99.8657 141.259 99.8657 142.223C99.8657 143.153 99.8657 144.082 99.9014 145.082Z" fill="#E3F4FD"/>
<path d="M60.4644 87.3745C60.4644 87.3745 60.4644 87.2673 60.4644 87.1958C60.5712 78.5483 62.3883 69.9722 65.3455 61.825L66.9132 57.4297C69.2647 50.8547 72.3287 44.5299 76.4261 38.9197C76.4261 38.884 76.4974 38.8482 76.4974 38.8125V39.813L76.5685 38.8125C76.5685 38.8482 76.6398 38.884 76.6398 38.9197C80.7372 44.5299 83.8012 50.8547 86.1527 57.4297L87.7204 61.7892C90.642 69.9364 92.4947 78.5125 92.6016 87.1601C92.6016 87.2315 92.6016 87.2672 92.6016 87.3387C92.6016 87.7675 92.6016 88.1964 92.6016 88.6252C92.6016 89.054 92.6016 89.4827 92.6016 89.9115C92.6016 89.983 92.6016 90.0188 92.6016 90.0903C92.4947 98.7735 90.6776 107.314 87.7204 115.461L86.1527 119.821C83.8012 126.36 80.7372 132.685 76.6398 138.331C76.6398 138.366 76.5685 138.402 76.5685 138.438V137.437L76.4974 138.438C76.4974 138.402 76.4261 138.366 76.4261 138.331C72.3287 132.685 69.2647 126.36 66.9132 119.821L65.3455 115.425C62.4239 107.278 60.5712 98.702 60.4644 90.0545C60.4644 89.983 60.4644 89.9473 60.4644 89.8759C60.4644 89.4471 60.4644 89.0182 60.4644 88.5894C60.4644 88.1606 60.4644 87.7318 60.4644 87.303V87.3745ZM70.4404 91.5196C70.4404 91.9126 70.4405 92.3414 70.4761 92.7345C70.5474 94.1639 70.6541 95.6289 70.7966 97.094C70.7966 97.2369 70.7967 97.3442 70.8323 97.4871C70.9748 98.9879 71.1885 100.56 71.4379 102.132C72.8987 111.066 75.3927 117.105 76.5329 119.463C77.6374 117.141 80.1672 111.102 81.628 102.132C81.8774 100.56 82.0911 98.9879 82.2336 97.4871C82.2336 97.3442 82.2337 97.2369 82.2693 97.094C82.4118 95.5932 82.5186 94.1639 82.5898 92.7345C82.5898 92.3414 82.6255 91.9484 82.6255 91.5196C82.6255 90.5548 82.6612 89.6257 82.6612 88.6609C82.6612 87.7319 82.6611 86.8027 82.6255 85.8022C82.6255 85.4091 82.6255 84.9803 82.5898 84.5872C82.5186 83.1579 82.4118 81.6928 82.2693 80.2277C82.2693 80.0848 82.2693 79.9777 82.2336 79.8347C82.0911 78.3339 81.8774 76.7616 81.628 75.1893C80.1672 66.2559 77.673 60.2169 76.5329 57.8585C75.4284 60.1812 72.8987 66.2202 71.4379 75.1893C71.1885 76.7616 70.9748 78.3339 70.8323 79.8347C70.8323 79.9777 70.8323 80.0848 70.7966 80.2277C70.6541 81.7286 70.5474 83.1579 70.4761 84.5872C70.4761 84.9803 70.4404 85.3734 70.4404 85.8022C70.4404 86.767 70.4048 87.6961 70.4048 88.6609C70.4048 89.59 70.4048 90.519 70.4404 91.5196Z" fill="#E3F4FD"/>
<path d="M118.847 87.3745C118.847 87.3745 118.847 87.2673 118.847 87.1958C118.954 78.5483 120.771 69.9722 123.728 61.825L125.296 57.4297C127.648 50.8547 130.712 44.5299 134.809 38.9197C134.809 38.884 134.88 38.8482 134.88 38.8125V39.813L134.951 38.8125C134.951 38.8482 135.023 38.884 135.023 38.9197C139.12 44.5299 142.184 50.8547 144.536 57.4297L146.103 61.7892C149.025 69.9364 150.877 78.5125 150.984 87.1601C150.984 87.2315 150.984 87.2672 150.984 87.3387C150.984 87.7675 150.984 88.1964 150.984 88.6252C150.984 89.054 150.984 89.4827 150.984 89.9115C150.984 89.983 150.984 90.0188 150.984 90.0903C150.877 98.7735 149.06 107.314 146.103 115.461L144.536 119.821C142.184 126.36 139.12 132.685 135.023 138.331C135.023 138.366 134.951 138.402 134.951 138.438V137.437L134.88 138.438C134.88 138.402 134.809 138.366 134.809 138.331C130.712 132.685 127.648 126.36 125.296 119.821L123.728 115.425C120.807 107.278 118.954 98.702 118.847 90.0545C118.847 89.983 118.847 89.9473 118.847 89.8759C118.847 89.4471 118.847 89.0182 118.847 88.5894C118.847 88.1606 118.847 87.7318 118.847 87.303V87.3745ZM128.823 91.5196C128.823 91.9126 128.823 92.3414 128.859 92.7345C128.93 94.1639 129.037 95.6289 129.179 97.094C129.179 97.2369 129.179 97.3442 129.215 97.4871C129.358 98.9879 129.571 100.56 129.821 102.132C131.282 111.066 133.776 117.105 134.916 119.463C136.02 117.141 138.55 111.102 140.011 102.132C140.26 100.56 140.474 98.9879 140.616 97.4871C140.616 97.3442 140.616 97.2369 140.652 97.094C140.795 95.5932 140.901 94.1639 140.973 92.7345C140.973 92.3414 141.008 91.9484 141.008 91.5196C141.008 90.5548 141.044 89.6257 141.044 88.6609C141.044 87.7319 141.044 86.8027 141.008 85.8022C141.008 85.4091 141.008 84.9803 140.973 84.5872C140.901 83.1579 140.795 81.6928 140.652 80.2277C140.652 80.0848 140.652 79.9777 140.616 79.8347C140.474 78.3339 140.26 76.7616 140.011 75.1893C138.55 66.2559 136.056 60.2169 134.916 57.8585C133.811 60.1812 131.282 66.2202 129.821 75.1893C129.571 76.7616 129.358 78.3339 129.215 79.8347C129.215 79.9777 129.215 80.0848 129.179 80.2277C129.037 81.7286 128.93 83.1579 128.859 84.5872C128.859 84.9803 128.823 85.3734 128.823 85.8022C128.823 86.767 128.788 87.6961 128.788 88.6609C128.788 89.59 128.788 90.519 128.823 91.5196Z" fill="#E3F4FD"/>
<path d="M165.941 37.937C165.941 37.937 165.941 37.8298 165.941 37.7583C166.048 29.1108 167.865 20.5347 170.822 12.3875L172.39 7.99218C174.741 1.4172 177.805 -4.90763 181.903 -10.5178C181.903 -10.5535 181.974 -10.5893 181.974 -10.625V-9.62446L182.045 -10.625C182.045 -10.5893 182.116 -10.5535 182.116 -10.5178C186.214 -4.90763 189.278 1.4172 191.629 7.99218L193.197 12.3517C196.119 20.4989 197.971 29.075 198.078 37.7226C198.078 37.794 198.078 37.8297 198.078 37.9012C198.078 38.33 198.078 38.7589 198.078 39.1877C198.078 39.6165 198.078 40.0452 198.078 40.474C198.078 40.5455 198.078 40.5813 198.078 40.6528C197.971 49.336 196.154 57.8764 193.197 66.0236L191.629 70.3831C189.278 76.9224 186.214 83.2472 182.116 88.8931C182.116 88.9289 182.045 88.9646 182.045 89.0003V87.9998L181.974 89.0003C181.974 88.9646 181.903 88.9289 181.903 88.8931C177.805 83.2472 174.741 76.9224 172.39 70.3831L170.822 65.9879C167.9 57.8406 166.048 49.2645 165.941 40.617C165.941 40.5455 165.941 40.5098 165.941 40.4384C165.941 40.0096 165.941 39.5807 165.941 39.1519C165.941 38.7231 165.941 38.2943 165.941 37.8655V37.937ZM175.917 42.0821C175.917 42.4751 175.917 42.9039 175.953 43.297C176.024 44.7264 176.131 46.1914 176.273 47.6565C176.273 47.7994 176.273 47.9067 176.309 48.0496C176.451 49.5504 176.665 51.1227 176.914 52.695C178.375 61.6284 180.869 67.6674 182.009 70.0258C183.114 67.7031 185.644 61.6641 187.105 52.695C187.354 51.1227 187.568 49.5504 187.71 48.0496C187.71 47.9067 187.71 47.7994 187.746 47.6565C187.888 46.1557 187.995 44.7264 188.066 43.297C188.066 42.9039 188.102 42.5109 188.102 42.0821C188.102 41.1173 188.138 40.1882 188.138 39.2234C188.138 38.2944 188.138 37.3652 188.102 36.3647C188.102 35.9716 188.102 35.5428 188.066 35.1497C187.995 33.7204 187.888 32.2553 187.746 30.7902C187.746 30.6473 187.746 30.5402 187.71 30.3972C187.568 28.8964 187.354 27.3241 187.105 25.7518C185.644 16.8184 183.15 10.7794 182.009 8.42097C180.905 10.7437 178.375 16.7827 176.914 25.7518C176.665 27.3241 176.451 28.8964 176.309 30.3972C176.309 30.5402 176.309 30.6473 176.273 30.7902C176.131 32.2911 176.024 33.7204 175.953 35.1497C175.953 35.5428 175.917 35.9359 175.917 36.3647C175.917 37.3295 175.881 38.2586 175.881 39.2234C175.881 40.1525 175.881 41.0815 175.917 42.0821Z" fill="#E3F4FD"/>
<path d="M136.48 -15.6255C136.48 -15.6255 136.48 -15.7327 136.48 -15.8042C136.587 -24.4517 138.404 -33.0278 141.361 -41.175L142.929 -45.5703C145.28 -52.1453 148.344 -58.4701 152.442 -64.0803C152.442 -64.116 152.513 -64.1518 152.513 -64.1875V-63.187L152.584 -64.1875C152.584 -64.1518 152.655 -64.116 152.655 -64.0803C156.753 -58.4701 159.817 -52.1453 162.168 -45.5703L163.736 -41.2108C166.658 -33.0636 168.51 -24.4875 168.617 -15.8399C168.617 -15.7685 168.617 -15.7328 168.617 -15.6613C168.617 -15.2325 168.617 -14.8036 168.617 -14.3748C168.617 -13.946 168.617 -13.5173 168.617 -13.0885C168.617 -13.017 168.617 -12.9812 168.617 -12.9097C168.51 -4.22648 166.693 4.31388 163.736 12.4611L162.168 16.8206C159.817 23.3599 156.753 29.6847 152.655 35.3306C152.655 35.3664 152.584 35.4021 152.584 35.4378V34.4373L152.513 35.4378C152.513 35.4021 152.442 35.3664 152.442 35.3306C148.344 29.6847 145.28 23.3599 142.929 16.8206L141.361 12.4254C138.44 4.27811 136.587 -4.29798 136.48 -12.9455C136.48 -13.017 136.48 -13.0527 136.48 -13.1241C136.48 -13.5529 136.48 -13.9818 136.48 -14.4106C136.48 -14.8394 136.48 -15.2682 136.48 -15.697V-15.6255ZM146.456 -11.4804C146.456 -11.0874 146.456 -10.6586 146.492 -10.2655C146.563 -8.83615 146.67 -7.37107 146.812 -5.90599C146.812 -5.76305 146.812 -5.6558 146.848 -5.51286C146.99 -4.01205 147.204 -2.43981 147.454 -0.867536C148.914 8.06587 151.408 14.1049 152.548 16.4633C153.653 14.1406 156.183 8.1016 157.644 -0.867536C157.893 -2.43981 158.107 -4.01205 158.249 -5.51286C158.249 -5.6558 158.249 -5.76305 158.285 -5.90599C158.427 -7.4068 158.534 -8.83615 158.605 -10.2655C158.605 -10.6586 158.641 -11.0516 158.641 -11.4804C158.641 -12.4452 158.677 -13.3743 158.677 -14.3391C158.677 -15.2681 158.677 -16.1973 158.641 -17.1978C158.641 -17.5909 158.641 -18.0197 158.605 -18.4128C158.534 -19.8421 158.427 -21.3072 158.285 -22.7723C158.285 -22.9152 158.285 -23.0223 158.249 -23.1653C158.107 -24.6661 157.893 -26.2384 157.644 -27.8107C156.183 -36.7441 153.689 -42.7831 152.548 -45.1415C151.444 -42.8188 148.914 -36.7798 147.454 -27.8107C147.204 -26.2384 146.99 -24.6661 146.848 -23.1653C146.848 -23.0223 146.848 -22.9152 146.812 -22.7723C146.67 -21.2714 146.563 -19.8421 146.492 -18.4128C146.492 -18.0197 146.456 -17.6266 146.456 -17.1978C146.456 -16.233 146.42 -15.3039 146.42 -14.3391C146.42 -13.41 146.42 -12.481 146.456 -11.4804Z" fill="#E3F4FD"/>
<path d="M194.863 -15.6255C194.863 -15.6255 194.863 -15.7327 194.863 -15.8042C194.97 -24.4517 196.787 -33.0278 199.744 -41.175L201.312 -45.5703C203.663 -52.1453 206.727 -58.4701 210.825 -64.0803C210.825 -64.116 210.896 -64.1518 210.896 -64.1875V-63.187L210.967 -64.1875C210.967 -64.1518 211.038 -64.116 211.038 -64.0803C215.136 -58.4701 218.2 -52.1453 220.551 -45.5703L222.119 -41.2108C225.04 -33.0636 226.893 -24.4875 227 -15.8399C227 -15.7685 227 -15.7328 227 -15.6613C227 -15.2325 227 -14.8036 227 -14.3748C227 -13.946 227 -13.5173 227 -13.0885C227 -13.017 227 -12.9812 227 -12.9097C226.893 -4.22648 225.076 4.31388 222.119 12.4611L220.551 16.8206C218.2 23.3599 215.136 29.6847 211.038 35.3306C211.038 35.3664 210.967 35.4021 210.967 35.4378V34.4373L210.896 35.4378C210.896 35.4021 210.825 35.3664 210.825 35.3306C206.727 29.6847 203.663 23.3599 201.312 16.8206L199.744 12.4254C196.822 4.27811 194.97 -4.29798 194.863 -12.9455C194.863 -13.017 194.863 -13.0527 194.863 -13.1241C194.863 -13.5529 194.863 -13.9818 194.863 -14.4106C194.863 -14.8394 194.863 -15.2682 194.863 -15.697V-15.6255ZM204.839 -11.4804C204.839 -11.0874 204.839 -10.6586 204.875 -10.2655C204.946 -8.83615 205.053 -7.37107 205.195 -5.90599C205.195 -5.76305 205.195 -5.6558 205.231 -5.51286C205.373 -4.01205 205.587 -2.43981 205.836 -0.867536C207.297 8.06587 209.791 14.1049 210.931 16.4633C212.036 14.1406 214.566 8.1016 216.026 -0.867536C216.276 -2.43981 216.49 -4.01205 216.632 -5.51286C216.632 -5.6558 216.632 -5.76305 216.668 -5.90599C216.81 -7.4068 216.917 -8.83615 216.988 -10.2655C216.988 -10.6586 217.024 -11.0516 217.024 -11.4804C217.024 -12.4452 217.06 -13.3743 217.06 -14.3391C217.06 -15.2681 217.06 -16.1973 217.024 -17.1978C217.024 -17.5909 217.024 -18.0197 216.988 -18.4128C216.917 -19.8421 216.81 -21.3072 216.668 -22.7723C216.668 -22.9152 216.668 -23.0223 216.632 -23.1653C216.49 -24.6661 216.276 -26.2384 216.026 -27.8107C214.566 -36.7441 212.071 -42.7831 210.931 -45.1415C209.827 -42.8188 207.297 -36.7798 205.836 -27.8107C205.587 -26.2384 205.373 -24.6661 205.231 -23.1653C205.231 -23.0223 205.231 -22.9152 205.195 -22.7723C205.053 -21.2714 204.946 -19.8421 204.875 -18.4128C204.875 -18.0197 204.839 -17.6266 204.839 -17.1978C204.839 -16.233 204.803 -15.3039 204.803 -14.3391C204.803 -13.41 204.803 -12.481 204.839 -11.4804Z" fill="#E3F4FD"/>
<path d="M165.941 157.562C165.941 157.562 165.941 157.455 165.941 157.383C166.048 148.736 167.865 140.16 170.822 132.012L172.39 127.617C174.741 121.042 177.805 114.717 181.903 109.107C181.903 109.071 181.974 109.036 181.974 109V110.001L182.045 109C182.045 109.036 182.116 109.071 182.116 109.107C186.214 114.717 189.278 121.042 191.629 127.617L193.197 131.977C196.119 140.124 197.971 148.7 198.078 157.348C198.078 157.419 198.078 157.455 198.078 157.526C198.078 157.955 198.078 158.384 198.078 158.813C198.078 159.241 198.078 159.67 198.078 160.099C198.078 160.17 198.078 160.206 198.078 160.278C197.971 168.961 196.154 177.501 193.197 185.649L191.629 190.008C189.278 196.547 186.214 202.872 182.116 208.518C182.116 208.554 182.045 208.59 182.045 208.625V207.625L181.974 208.625C181.974 208.59 181.903 208.554 181.903 208.518C177.805 202.872 174.741 196.547 172.39 190.008L170.822 185.613C167.9 177.466 166.048 168.89 165.941 160.242C165.941 160.171 165.941 160.135 165.941 160.063C165.941 159.635 165.941 159.206 165.941 158.777C165.941 158.348 165.941 157.919 165.941 157.491V157.562ZM175.917 161.707C175.917 162.1 175.917 162.529 175.953 162.922C176.024 164.351 176.131 165.816 176.273 167.282C176.273 167.424 176.273 167.532 176.309 167.675C176.451 169.175 176.665 170.748 176.914 172.32C178.375 181.253 180.869 187.292 182.009 189.651C183.114 187.328 185.644 181.289 187.105 172.32C187.354 170.748 187.568 169.175 187.71 167.675C187.71 167.532 187.71 167.424 187.746 167.282C187.888 165.781 187.995 164.351 188.066 162.922C188.066 162.529 188.102 162.136 188.102 161.707C188.102 160.742 188.138 159.813 188.138 158.848C188.138 157.919 188.138 156.99 188.102 155.99C188.102 155.597 188.102 155.168 188.066 154.775C187.995 153.345 187.888 151.88 187.746 150.415C187.746 150.272 187.746 150.165 187.71 150.022C187.568 148.521 187.354 146.949 187.105 145.377C185.644 136.443 183.15 130.404 182.009 128.046C180.905 130.369 178.375 136.408 176.914 145.377C176.665 146.949 176.451 148.521 176.309 150.022C176.309 150.165 176.309 150.272 176.273 150.415C176.131 151.916 176.024 153.345 175.953 154.775C175.953 155.168 175.917 155.561 175.917 155.99C175.917 156.954 175.881 157.884 175.881 158.848C175.881 159.778 175.881 160.707 175.917 161.707Z" fill="#E3F4FD"/>
<path d="M165.941 260.937C165.941 260.937 165.941 260.83 165.941 260.758C166.048 252.111 167.865 243.535 170.822 235.387L172.39 230.992C174.741 224.417 177.805 218.092 181.903 212.482C181.903 212.446 181.974 212.411 181.974 212.375V213.376L182.045 212.375C182.045 212.411 182.116 212.446 182.116 212.482C186.214 218.092 189.278 224.417 191.629 230.992L193.197 235.352C196.119 243.499 197.971 252.075 198.078 260.723C198.078 260.794 198.078 260.83 198.078 260.901C198.078 261.33 198.078 261.759 198.078 262.188C198.078 262.616 198.078 263.045 198.078 263.474C198.078 263.545 198.078 263.581 198.078 263.653C197.971 272.336 196.154 280.876 193.197 289.024L191.629 293.383C189.278 299.922 186.214 306.247 182.116 311.893C182.116 311.929 182.045 311.965 182.045 312V311L181.974 312C181.974 311.965 181.903 311.929 181.903 311.893C177.805 306.247 174.741 299.922 172.39 293.383L170.822 288.988C167.9 280.841 166.048 272.265 165.941 263.617C165.941 263.546 165.941 263.51 165.941 263.438C165.941 263.01 165.941 262.581 165.941 262.152C165.941 261.723 165.941 261.294 165.941 260.866V260.937ZM175.917 265.082C175.917 265.475 175.917 265.904 175.953 266.297C176.024 267.726 176.131 269.191 176.273 270.657C176.273 270.799 176.273 270.907 176.309 271.05C176.451 272.55 176.665 274.123 176.914 275.695C178.375 284.628 180.869 290.667 182.009 293.026C183.114 290.703 185.644 284.664 187.105 275.695C187.354 274.123 187.568 272.55 187.71 271.05C187.71 270.907 187.71 270.799 187.746 270.657C187.888 269.156 187.995 267.726 188.066 266.297C188.066 265.904 188.102 265.511 188.102 265.082C188.102 264.117 188.138 263.188 188.138 262.223C188.138 261.294 188.138 260.365 188.102 259.365C188.102 258.972 188.102 258.543 188.066 258.15C187.995 256.72 187.888 255.255 187.746 253.79C187.746 253.647 187.746 253.54 187.71 253.397C187.568 251.896 187.354 250.324 187.105 248.752C185.644 239.818 183.15 233.779 182.009 231.421C180.905 233.744 178.375 239.783 176.914 248.752C176.665 250.324 176.451 251.896 176.309 253.397C176.309 253.54 176.309 253.647 176.273 253.79C176.131 255.291 176.024 256.72 175.953 258.15C175.953 258.543 175.917 258.936 175.917 259.365C175.917 260.329 175.881 261.259 175.881 262.223C175.881 263.153 175.881 264.082 175.917 265.082Z" fill="#E3F4FD"/>
<path d="M136.48 207.374C136.48 207.374 136.48 207.267 136.48 207.196C136.587 198.548 138.404 189.972 141.361 181.825L142.929 177.43C145.28 170.855 148.344 164.53 152.442 158.92C152.442 158.884 152.513 158.848 152.513 158.812V159.813L152.584 158.812C152.584 158.848 152.655 158.884 152.655 158.92C156.753 164.53 159.817 170.855 162.168 177.43L163.736 181.789C166.658 189.936 168.51 198.513 168.617 207.16C168.617 207.232 168.617 207.267 168.617 207.339C168.617 207.767 168.617 208.196 168.617 208.625C168.617 209.054 168.617 209.483 168.617 209.912C168.617 209.983 168.617 210.019 168.617 210.09C168.51 218.774 166.693 227.314 163.736 235.461L162.168 239.821C159.817 246.36 156.753 252.685 152.655 258.331C152.655 258.366 152.584 258.402 152.584 258.438V257.437L152.513 258.438C152.513 258.402 152.442 258.366 152.442 258.331C148.344 252.685 145.28 246.36 142.929 239.821L141.361 235.425C138.44 227.278 136.587 218.702 136.48 210.054C136.48 209.983 136.48 209.947 136.48 209.876C136.48 209.447 136.48 209.018 136.48 208.589C136.48 208.161 136.48 207.732 136.48 207.303V207.374ZM146.456 211.52C146.456 211.913 146.456 212.341 146.492 212.735C146.563 214.164 146.67 215.629 146.812 217.094C146.812 217.237 146.812 217.344 146.848 217.487C146.99 218.988 147.204 220.56 147.454 222.132C148.914 231.066 151.408 237.105 152.548 239.463C153.653 237.141 156.183 231.102 157.644 222.132C157.893 220.56 158.107 218.988 158.249 217.487C158.249 217.344 158.249 217.237 158.285 217.094C158.427 215.593 158.534 214.164 158.605 212.735C158.605 212.341 158.641 211.948 158.641 211.52C158.641 210.555 158.677 209.626 158.677 208.661C158.677 207.732 158.677 206.803 158.641 205.802C158.641 205.409 158.641 204.98 158.605 204.587C158.534 203.158 158.427 201.693 158.285 200.228C158.285 200.085 158.285 199.978 158.249 199.835C158.107 198.334 157.893 196.762 157.644 195.189C156.183 186.256 153.689 180.217 152.548 177.858C151.444 180.181 148.914 186.22 147.454 195.189C147.204 196.762 146.99 198.334 146.848 199.835C146.848 199.978 146.848 200.085 146.812 200.228C146.67 201.729 146.563 203.158 146.492 204.587C146.492 204.98 146.456 205.373 146.456 205.802C146.456 206.767 146.42 207.696 146.42 208.661C146.42 209.59 146.42 210.519 146.456 211.52Z" fill="#E3F4FD"/>
<path d="M194.863 207.374C194.863 207.374 194.863 207.267 194.863 207.196C194.97 198.548 196.787 189.972 199.744 181.825L201.312 177.43C203.663 170.855 206.727 164.53 210.825 158.92C210.825 158.884 210.896 158.848 210.896 158.812V159.813L210.967 158.812C210.967 158.848 211.038 158.884 211.038 158.92C215.136 164.53 218.2 170.855 220.551 177.43L222.119 181.789C225.04 189.936 226.893 198.513 227 207.16C227 207.232 227 207.267 227 207.339C227 207.767 227 208.196 227 208.625C227 209.054 227 209.483 227 209.912C227 209.983 227 210.019 227 210.09C226.893 218.774 225.076 227.314 222.119 235.461L220.551 239.821C218.2 246.36 215.136 252.685 211.038 258.331C211.038 258.366 210.967 258.402 210.967 258.438V257.437L210.896 258.438C210.896 258.402 210.825 258.366 210.825 258.331C206.727 252.685 203.663 246.36 201.312 239.821L199.744 235.425C196.822 227.278 194.97 218.702 194.863 210.054C194.863 209.983 194.863 209.947 194.863 209.876C194.863 209.447 194.863 209.018 194.863 208.589C194.863 208.161 194.863 207.732 194.863 207.303V207.374ZM204.839 211.52C204.839 211.913 204.839 212.341 204.875 212.735C204.946 214.164 205.053 215.629 205.195 217.094C205.195 217.237 205.195 217.344 205.231 217.487C205.373 218.988 205.587 220.56 205.836 222.132C207.297 231.066 209.791 237.105 210.931 239.463C212.036 237.141 214.566 231.102 216.026 222.132C216.276 220.56 216.49 218.988 216.632 217.487C216.632 217.344 216.632 217.237 216.668 217.094C216.81 215.593 216.917 214.164 216.988 212.735C216.988 212.341 217.024 211.948 217.024 211.52C217.024 210.555 217.06 209.626 217.06 208.661C217.06 207.732 217.06 206.803 217.024 205.802C217.024 205.409 217.024 204.98 216.988 204.587C216.917 203.158 216.81 201.693 216.668 200.228C216.668 200.085 216.668 199.978 216.632 199.835C216.49 198.334 216.276 196.762 216.026 195.189C214.566 186.256 212.071 180.217 210.931 177.858C209.827 180.181 207.297 186.22 205.836 195.189C205.587 196.762 205.373 198.334 205.231 199.835C205.231 199.978 205.231 200.085 205.195 200.228C205.053 201.729 204.946 203.158 204.875 204.587C204.875 204.98 204.839 205.373 204.839 205.802C204.839 206.767 204.803 207.696 204.803 208.661C204.803 209.59 204.803 210.519 204.839 211.52Z" fill="#E3F4FD"/>
</g>
</svg>
