<svg width="222" height="94" viewBox="0 0 222 94" fill="none" xmlns="http://www.w3.org/2000/svg">
<path d="M40.2934 43.6061C40.2934 42.9372 40.0385 42.332 39.5607 41.8542C38.6051 40.8987 36.9487 40.8668 35.9613 41.7905C35.6747 42.0772 35.4518 42.3957 35.2925 42.8417L28.9539 65.1702L22.5516 42.7142C22.4242 42.3957 22.233 42.109 21.9145 41.7905C20.9589 40.9305 19.3982 40.8668 18.3789 41.7905H18.347C18.0285 42.1409 17.8055 42.4913 17.7099 42.8417L11.3713 65.2021L5.00085 42.8417C4.9053 42.4913 4.71414 42.1727 4.36377 41.8224C3.37634 40.8987 1.72 40.9305 0.764427 41.8542C0.286641 42.332 0 42.9372 0 43.638C0 43.9565 0.063666 44.2432 0.159223 44.5935L8.7913 75.14C8.95056 75.6178 9.20535 76.0319 9.55573 76.3823C10.5113 77.3378 12.0721 77.4015 13.187 76.3823C13.5055 76.0319 13.7602 75.6497 13.9195 75.1082L20.1308 53.0981L26.3739 75.14C26.5013 75.586 26.7561 76 27.1065 76.3823C27.5842 76.8601 28.2213 77.1149 28.9221 77.1149C29.5591 77.1149 30.1962 76.8601 30.7377 76.3823C31.0881 76.0319 31.3428 75.586 31.4702 75.0763L40.0704 44.5935C40.166 44.2432 40.2296 43.9246 40.2296 43.638L40.2934 43.6061Z" fill="white"/>
<path d="M50.4562 51.3779C46.9205 51.3779 43.8626 52.652 41.3781 55.1365C38.8936 57.621 37.6195 60.6788 37.6195 64.2145C37.6195 67.7501 38.8936 70.8079 41.3781 73.2924C43.8626 75.7769 46.9205 77.051 50.4562 77.051C53.2273 77.051 55.8391 76.1273 58.2917 74.2798V74.5665C58.2917 75.2673 58.5467 75.8724 59.0245 76.3502C59.5023 76.828 60.1074 77.051 60.7763 77.051C61.4452 77.051 62.0822 76.7962 62.5282 76.3184C63.0059 75.8406 63.2607 75.2354 63.2607 74.5665V64.2145C63.2607 60.6788 61.9866 57.621 59.5021 55.1365C57.0176 52.652 53.9599 51.3779 50.4243 51.3779H50.4562ZM58.2917 64.2145C58.2917 66.4123 57.5592 68.2279 55.9984 69.7568C54.4377 71.3176 52.6221 72.0502 50.4562 72.0502C48.2902 72.0502 46.4744 71.2857 44.9137 69.7568C43.3529 68.196 42.6204 66.3804 42.6204 64.2145C42.6204 62.0485 43.3848 60.2011 44.9137 58.6721C46.4744 57.1114 48.2902 56.3788 50.4562 56.3788C52.6221 56.3788 54.4695 57.1432 55.9984 58.6721C57.5274 60.2011 58.2917 62.0166 58.2917 64.2145Z" fill="white"/>
<path d="M86.4497 51.3779C82.9141 51.3779 79.8562 52.652 77.3717 55.1365C74.8872 57.621 73.6131 60.6788 73.6131 64.2145C73.6131 67.7501 74.8872 70.8079 77.3717 73.2924C79.8562 75.7769 82.9141 77.051 86.4497 77.051C89.2209 77.051 91.8327 76.1273 94.2853 74.2798V74.5665C94.2853 75.2673 94.5403 75.8724 95.0181 76.3502C95.4958 76.828 96.101 77.0828 96.7699 77.0828C97.4388 77.0828 98.0758 76.828 98.5217 76.3502C98.9995 75.8724 99.2543 75.2673 99.2543 74.5984V64.2463C99.2543 60.7107 97.9802 57.6529 95.4957 55.1684C93.0112 52.6839 89.9535 51.4098 86.4179 51.4098L86.4497 51.3779ZM94.2853 64.2145C94.2853 66.4123 93.521 68.2279 91.992 69.7568C90.4313 71.3176 88.6157 72.0502 86.4497 72.0502C84.2838 72.0502 82.4364 71.2857 80.9075 69.7568C79.3467 68.196 78.614 66.3804 78.614 64.2145C78.614 62.0485 79.3784 60.2011 80.9391 58.6721C82.4999 57.1114 84.3157 56.3788 86.4816 56.3788C88.6476 56.3788 90.495 57.1432 92.0239 58.6721C93.5528 60.2011 94.3172 62.0166 94.3172 64.2145H94.2853Z" fill="white"/>
<path d="M123.778 55.1365C121.293 52.652 118.235 51.3779 114.7 51.3779C111.164 51.3779 108.106 52.652 105.622 55.1365C103.137 57.621 101.863 60.6788 101.863 64.2145C101.863 67.7501 103.137 70.8079 105.622 73.2924C108.106 75.7769 111.164 77.051 114.7 77.051C117.471 77.051 120.083 76.1273 122.535 74.2798V74.5665C122.535 75.2673 122.79 75.8724 123.268 76.3502C123.746 76.828 124.351 77.051 125.02 77.051C125.689 77.051 126.326 76.7962 126.772 76.3184C127.249 75.8406 127.504 75.2354 127.504 74.5665V64.2145C127.504 60.6788 126.23 57.621 123.746 55.1365H123.778ZM122.535 64.2145C122.535 66.4123 121.803 68.2279 120.242 69.7568C118.681 71.3176 116.866 72.0502 114.7 72.0502C112.534 72.0502 110.718 71.2857 109.157 69.7568C107.597 68.196 106.864 66.3804 106.864 64.2145C106.864 62.0485 107.628 60.2011 109.157 58.6721C110.718 57.1114 112.534 56.3788 114.7 56.3788C116.866 56.3788 118.713 57.1432 120.242 58.6721C121.771 60.2011 122.535 62.0166 122.535 64.2145Z" fill="white"/>
<path d="M72.7829 71.9227H71.9866H71.0311V43.6377C71.0311 42.937 70.7763 42.2999 70.2985 41.8221C69.3111 40.8666 67.6547 40.8666 66.6354 41.8221C66.1258 42.3318 65.9029 42.9688 65.9029 43.6377V74.4709C65.9029 75.1716 66.1576 75.8087 66.6354 76.2865C67.145 76.7961 67.7821 77.0191 68.451 77.0191H72.7829C74.2163 77.0191 75.3629 75.8724 75.3629 74.439C75.3629 73.0057 74.2163 71.8909 72.7829 71.8909V71.9227Z" fill="white"/>
<path d="M192.486 34.8141C192.231 30.514 191.435 26.4051 190.192 22.6146C188.823 24.1117 187.58 25.8317 186.497 27.7429C187.071 30.1 187.421 32.5526 187.58 35.1008C187.963 41.7579 186.752 48.2558 184.268 53.6707C183.439 55.4863 182.452 57.1745 181.369 58.7034C180.828 59.4679 180.254 60.1686 179.649 60.8694C176.018 64.8828 171.622 67.1443 166.908 67.3673C154.549 67.9725 143.624 54.2441 142.668 37.2668C142.095 27.2969 145.057 17.6457 150.6 11.4981C154.231 7.48473 158.627 5.22321 163.341 5.00024C163.596 5.00024 163.882 5.00024 164.137 5.00024C172.642 5.00024 180.414 11.8167 184.554 21.7228C185.669 20.2257 186.88 18.856 188.186 17.6457C182.93 6.72027 173.533 -0.414676 163.118 0.0949624C157.066 0.381634 151.46 3.2165 146.968 8.21733C140.471 15.4478 137.126 26.1503 137.763 37.5534C138.4 48.6062 142.668 58.2894 148.943 64.628C153.753 69.4696 159.709 72.3363 166.144 72.3363C166.494 72.3363 166.844 72.3363 167.195 72.3363C168.819 72.2726 170.412 71.9859 171.973 71.54C176.177 70.3614 180.063 67.8769 183.344 64.2139C183.79 63.7361 184.204 63.2265 184.618 62.7168C185.637 61.4109 186.593 60.0094 187.421 58.5442C191.212 51.887 193.059 43.6054 192.549 34.8778L192.486 34.8141Z" fill="#5BC6F1"/>
<path d="M217.97 19.9716C215.167 15.4804 211.217 12.5499 206.535 11.5307C205.356 11.2758 204.146 11.1484 202.935 11.1484C197.648 11.1484 192.488 13.5374 188.188 17.5826C186.882 18.793 185.671 20.1627 184.556 21.6597C181.849 25.2909 179.715 29.7184 178.504 34.5918C176.306 43.3831 177.326 52.1425 181.339 58.5767C181.339 58.5767 181.371 58.6404 181.403 58.6404C182.518 57.1115 183.473 55.4233 184.301 53.6077C182.104 48.575 181.69 42.1408 183.282 35.7704C184.015 32.8399 185.13 30.1325 186.531 27.6798C187.614 25.7687 188.857 24.0487 190.226 22.5516C193.889 18.5063 198.444 16.0537 202.967 16.0537C203.827 16.0537 204.687 16.1493 205.515 16.3404C208.892 17.073 211.758 19.2071 213.829 22.5516C217.078 27.8073 217.938 35.3563 216.058 42.746C215.995 42.9053 215.931 43.0646 215.867 43.2557C215.708 43.8609 215.549 44.4342 215.389 45.0394C212.045 55.1366 204.209 62.4945 196.405 62.4945C195.545 62.4945 194.685 62.399 193.857 62.2079C191.405 61.6664 189.239 60.3923 187.423 58.4493C186.595 59.9145 185.639 61.316 184.62 62.622C186.945 64.8516 189.717 66.3487 192.806 67.0176C193.985 67.2724 195.195 67.3998 196.405 67.3998C196.66 67.3998 196.883 67.3998 197.138 67.3998C189.685 71.4769 180.83 73.1014 171.975 71.4769C170.414 71.9229 168.821 72.1777 167.197 72.2732C166.846 72.2732 166.496 72.2732 166.146 72.2732C159.743 72.2732 153.755 69.4065 148.945 64.565C154.615 70.4258 161.877 74.4392 170.095 76.1274C172.994 76.7326 175.892 77.0193 178.759 77.0193C197.329 77.0193 214.466 64.8198 220.008 46.8232C220.327 45.8676 220.613 44.912 220.868 43.9246C223.066 35.1333 222.047 26.3739 218.033 19.9397L217.97 19.9716Z" fill="#5BC6F1"/>
<path d="M99.1239 2.42078V33.5725C99.1239 34.2414 98.8691 34.8147 98.3913 35.2925C97.9454 35.7384 97.372 35.9932 96.7349 35.9932H74.0879C72.6545 35.9932 71.5079 34.8465 71.5079 33.4132C71.5079 31.9798 72.6545 30.865 74.0879 30.865H78.8976V7.70828C78.8976 6.27492 80.0443 5.12824 81.4777 5.12824C82.911 5.12824 84.0258 6.27492 84.0258 7.70828V30.865H94.3141V2.42078C94.3141 1.75188 94.569 1.17854 95.015 0.732604C95.4928 0.254818 96.066 0 96.7349 0C97.4038 0 97.9454 0.254818 98.3913 0.732604C98.8691 1.17854 99.1239 1.75188 99.1239 2.42078Z" fill="white"/>
<path d="M123.749 14.1103C121.264 11.5939 118.174 10.3198 114.607 10.3198C111.039 10.3198 107.982 11.5939 105.465 14.1103C102.981 16.6266 101.707 19.6844 101.707 23.2519C101.707 26.8194 102.981 29.8772 105.465 32.3936C107.982 34.9099 111.071 36.184 114.607 36.184C117.41 36.184 120.022 35.2284 122.506 33.381V38.7003C122.506 39.0189 122.57 39.3692 122.698 39.6559C122.825 39.9744 123.016 40.1974 123.239 40.4522C123.749 40.93 124.354 41.1848 125.055 41.1848C125.755 41.1848 126.361 40.93 126.838 40.4522C127.316 39.9744 127.571 39.3374 127.571 38.6685V23.2519C127.571 19.6844 126.297 16.6266 123.78 14.1103H123.749ZM120.181 28.8261C118.62 30.3869 116.805 31.1513 114.575 31.1513C112.346 31.1513 110.562 30.3869 109.001 28.8261C107.408 27.2335 106.676 25.4179 106.676 23.2201C106.676 21.0223 107.408 19.1748 109.001 17.614C110.562 16.0533 112.377 15.2888 114.575 15.2888C116.773 15.2888 118.62 16.0533 120.181 17.614C121.742 19.1748 122.475 20.9904 122.475 23.2201C122.475 25.4497 121.742 27.2653 120.181 28.8261Z" fill="white"/>
<path d="M57.2058 15.3853C57.0468 15.3853 56.8558 15.4489 56.665 15.4489C56.4742 15.4489 56.3153 15.4489 56.1245 15.3853H57.1739H57.2058Z" fill="white"/>
<path d="M68.9617 33.4137C68.9617 34.1144 68.7067 34.7515 68.2289 35.2293C67.7512 35.7389 67.1141 35.9937 66.4133 35.9937H43.9255C43.2248 35.9937 42.5877 35.7071 42.1418 35.2293C41.6322 34.7196 41.4093 34.1144 41.4093 33.4137C41.4093 32.7129 41.664 32.0759 42.1418 31.63C42.6514 31.1203 43.2566 30.8974 43.9255 30.8974H49.5635C47.7797 28.4766 46.888 25.8965 46.888 23.1572C46.888 19.6534 48.162 16.6275 50.6147 14.0793C53.131 11.5948 56.1888 10.3525 59.7563 10.3525H62.1771C63.5786 10.3525 64.7571 11.5311 64.7571 12.9326C64.7571 14.1748 63.8652 15.1941 62.7185 15.4489H59.7563C57.5585 15.4489 55.7746 16.1815 54.2776 17.6786C52.7168 19.2712 51.9843 21.055 51.9843 23.1572C51.9843 25.2595 52.7168 27.0751 54.2776 28.6358C55.8065 30.1647 57.5585 30.8974 59.7563 30.8974H66.3816C67.0824 30.8974 67.7193 31.1522 68.1971 31.63C68.7067 32.1077 68.9298 32.7448 68.9298 33.4137H68.9617Z" fill="white"/>
<path d="M100.208 89.9825C100.208 90.3647 100.304 90.6195 100.527 90.8106C100.75 91.0017 101.068 91.0973 101.482 91.0973C101.61 91.0973 101.674 91.0973 101.737 91.161C101.801 91.1929 101.801 91.2884 101.801 91.384C101.801 91.5751 101.737 91.6706 101.61 91.6706C101.291 91.6706 101.037 91.6388 100.782 91.5751C100.559 91.5114 100.336 91.384 100.177 91.2566C100.049 92.881 99.1254 93.7092 97.3735 93.7092C96.5135 93.7092 95.8446 93.4544 95.3349 92.9447C94.8571 92.467 94.6024 91.7662 94.6024 90.9062C94.6024 90.6195 94.666 90.2373 94.7616 89.8232C94.8572 89.4091 95.0165 88.995 95.2395 88.5809L95.8447 88.8039C95.6535 89.218 95.5261 89.5684 95.4306 89.9187C95.335 90.2691 95.303 90.6195 95.303 90.938C95.303 91.3202 95.3669 91.6388 95.4624 91.8936C95.558 92.1484 95.7172 92.3714 95.9401 92.5625C96.1312 92.7218 96.3543 92.8492 96.6091 92.9447C96.8639 93.0403 97.1506 93.0722 97.4373 93.0722C97.8195 93.0722 98.1699 93.0084 98.4247 92.9129C98.7114 92.8173 98.9024 92.6899 99.0935 92.4988C99.2527 92.3077 99.3803 92.0847 99.444 91.8299C99.5077 91.5751 99.5395 91.2566 99.5395 90.9062V87.7846H100.177V89.9506L100.208 89.9825ZM97.2462 86.5743C97.2462 86.5743 97.278 86.3513 97.3735 86.2876C97.4691 86.192 97.5645 86.1602 97.6601 86.1602C97.7556 86.1602 97.8831 86.192 97.9468 86.2876C98.0424 86.3831 98.0742 86.4787 98.0742 86.5743C98.0742 86.6698 98.0424 86.7972 97.9468 86.8609C97.8513 86.9565 97.7556 86.9883 97.6601 86.9883C97.5645 86.9883 97.4372 86.9565 97.3735 86.8609C97.3098 86.7654 97.2462 86.6698 97.2462 86.5743Z" fill="white"/>
<path d="M101.453 91.0982C101.708 91.0982 101.899 91.0982 102.09 91.0663C102.249 91.0663 102.408 90.9708 102.536 90.8752C102.663 90.7796 102.759 90.6204 102.823 90.4293C102.886 90.2382 102.918 89.9833 102.918 89.6648V86.7344H103.555V89.9833C103.555 90.3656 103.651 90.6204 103.874 90.8115C104.097 91.0026 104.415 91.0982 104.797 91.0982C104.893 91.0982 104.988 91.0982 105.052 91.1619C105.116 91.2256 105.148 91.2893 105.148 91.3849C105.148 91.576 105.084 91.6715 104.957 91.6715C104.574 91.6715 104.224 91.6078 103.937 91.5122C103.651 91.4167 103.428 91.2256 103.3 90.9708C103.173 91.1937 102.982 91.353 102.695 91.4804C102.408 91.6078 102.058 91.6715 101.612 91.6715C101.453 91.6715 101.326 91.6715 101.23 91.6078C101.134 91.576 101.102 91.4804 101.102 91.3849C101.102 91.2893 101.103 91.1937 101.198 91.1619C101.262 91.13 101.357 91.0982 101.485 91.0982H101.453ZM102.122 93.0412C102.122 93.0412 102.154 92.8182 102.249 92.7545C102.345 92.6589 102.44 92.6271 102.536 92.6271C102.631 92.6271 102.759 92.6589 102.823 92.7545C102.918 92.8501 102.95 92.9456 102.95 93.0412C102.95 93.1367 102.918 93.2641 102.823 93.3278C102.727 93.4234 102.631 93.4552 102.536 93.4552C102.44 93.4552 102.313 93.4234 102.249 93.3278C102.154 93.2323 102.122 93.1367 102.122 93.0412ZM103.491 93.0412C103.491 93.0412 103.523 92.8182 103.619 92.7545C103.714 92.6589 103.81 92.6271 103.905 92.6271C104.001 92.6271 104.129 92.6589 104.192 92.7545C104.288 92.8501 104.32 92.9456 104.32 93.0412C104.32 93.1367 104.288 93.2641 104.192 93.3278C104.097 93.4234 104.001 93.4552 103.905 93.4552C103.81 93.4552 103.683 93.4234 103.619 93.3278C103.523 93.2323 103.491 93.1367 103.491 93.0412Z" fill="white"/>
<path d="M106.515 91.0972C106.515 91.0972 106.707 91.0972 106.77 91.1609C106.834 91.1927 106.866 91.2883 106.866 91.4157C106.866 91.5749 106.802 91.6705 106.675 91.6705H104.955C104.764 91.6705 104.636 91.6705 104.573 91.6068C104.509 91.575 104.477 91.4794 104.477 91.3839C104.477 91.1927 104.572 91.0972 104.827 91.0972H106.547H106.515Z" fill="white"/>
<path d="M108.205 91.0972C108.205 91.0972 108.395 91.0972 108.459 91.1609C108.523 91.1927 108.555 91.2883 108.555 91.4157C108.555 91.5749 108.491 91.6705 108.364 91.6705H106.644C106.452 91.6705 106.325 91.6705 106.261 91.6068C106.198 91.575 106.166 91.4794 106.166 91.3839C106.166 91.1927 106.261 91.0972 106.516 91.0972H108.236H108.205Z" fill="white"/>
<path d="M109.763 90.8752C109.667 91.1619 109.508 91.353 109.317 91.4804C109.125 91.6078 108.871 91.6715 108.488 91.6715H108.329C108.138 91.6715 108.011 91.6715 107.947 91.6078C107.883 91.576 107.851 91.4804 107.851 91.3849C107.851 91.2574 107.851 91.1937 107.915 91.1619C107.979 91.13 108.074 91.0982 108.17 91.0982H108.425C108.616 91.0982 108.743 91.0982 108.871 91.0345C108.998 90.9708 109.062 90.9071 109.157 90.7796C109.253 90.6522 109.285 90.4611 109.348 90.2382C109.412 90.0152 109.444 89.6967 109.508 89.3144C109.539 88.9322 109.635 88.6137 109.763 88.2952C109.89 87.9766 110.049 87.69 110.24 87.467C110.431 87.244 110.654 87.0529 110.909 86.9255C111.164 86.7981 111.482 86.7344 111.801 86.7344C112.215 86.7344 112.534 86.7981 112.82 86.9573C113.107 87.1166 113.298 87.2759 113.489 87.5307C113.648 87.7537 113.776 88.0403 113.84 88.327C113.903 88.6137 113.935 88.9004 113.935 89.2189C113.935 89.6011 113.903 89.9515 113.808 90.27C113.712 90.5885 113.585 90.8433 113.394 91.0982C113.202 91.3211 112.98 91.5122 112.725 91.6397C112.47 91.7671 112.151 91.8308 111.801 91.8308C111.482 91.8308 111.132 91.7671 110.782 91.6397C110.431 91.5122 110.081 91.2893 109.731 91.0026L109.763 90.8752ZM111.769 87.2759C111.61 87.2759 111.419 87.3077 111.228 87.4033C111.036 87.467 110.877 87.6263 110.686 87.8492C110.527 88.0722 110.368 88.3589 110.24 88.773C110.113 89.1552 110.017 89.6648 109.954 90.3019C110.24 90.5885 110.559 90.8115 110.877 90.9389C111.196 91.0663 111.514 91.13 111.865 91.13C112.12 91.13 112.343 91.0663 112.534 90.9708C112.725 90.8752 112.884 90.7478 112.98 90.5567C113.075 90.3656 113.171 90.1744 113.234 89.9515C113.298 89.7285 113.298 89.4737 113.298 89.2189C113.298 88.9641 113.266 88.7092 113.202 88.4544C113.139 88.2314 113.043 88.0085 112.916 87.8492C112.788 87.69 112.629 87.5625 112.438 87.467C112.247 87.3714 112.024 87.3077 111.769 87.3077V87.2759Z" fill="white"/>
<path d="M115.689 81.9559C115.689 81.9559 115.53 81.733 115.498 81.6056C115.434 81.4782 115.434 81.3508 115.434 81.2233C115.434 80.873 115.53 80.6181 115.753 80.3952C115.976 80.2041 116.262 80.0767 116.644 80.0767C116.708 80.0767 116.804 80.0767 116.899 80.0767C116.995 80.0767 117.09 80.1085 117.218 80.1404L117.154 80.5226C117.154 80.5226 116.995 80.4908 116.931 80.4589C116.867 80.4589 116.804 80.4589 116.708 80.4589C116.485 80.4589 116.294 80.5226 116.135 80.65C115.976 80.7774 115.944 80.9367 115.944 81.1596C115.944 81.3826 116.008 81.5737 116.167 81.7011C116.294 81.8604 116.517 81.9241 116.804 81.9241H117.377V82.3382H115.179V81.9241H115.753L115.689 81.9559ZM118.142 91.3843C118.142 91.3843 118.142 91.5435 118.11 91.6072C118.11 91.671 118.046 91.7028 117.95 91.7028C117.632 91.7028 117.345 91.7028 117.09 91.6072C116.836 91.5435 116.644 91.448 116.453 91.3206C116.294 91.1932 116.167 91.002 116.071 90.7791C115.976 90.5561 115.944 90.2694 115.944 89.919V83.1982H116.581V89.7598C116.581 89.9828 116.581 90.1739 116.644 90.365C116.676 90.5243 116.74 90.6517 116.836 90.7791C116.931 90.8746 117.058 90.9702 117.218 91.0339C117.377 91.0976 117.568 91.1295 117.823 91.1295C117.95 91.1295 118.046 91.1295 118.11 91.1613C118.173 91.1932 118.173 91.2569 118.173 91.4161L118.142 91.3843Z" fill="white"/>
<path d="M117.824 91.0973C118.078 91.0973 118.27 91.0973 118.461 91.0654C118.62 91.0654 118.779 90.9699 118.907 90.8743C119.034 90.7787 119.13 90.6195 119.193 90.4284C119.257 90.2373 119.289 89.9824 119.289 89.6639V86.7335H119.926V89.9824C119.926 90.3647 120.021 90.6195 120.244 90.8106C120.467 91.0017 120.786 91.0973 121.168 91.0973C121.264 91.0973 121.359 91.0973 121.423 91.161C121.487 91.2247 121.519 91.2884 121.519 91.384C121.519 91.5751 121.455 91.6706 121.328 91.6706C120.945 91.6706 120.595 91.6069 120.308 91.5113C120.022 91.4158 119.799 91.2247 119.671 90.9699C119.544 91.1928 119.353 91.3521 119.066 91.4795C118.779 91.6069 118.429 91.6706 117.983 91.6706C117.824 91.6706 117.696 91.6706 117.601 91.6069C117.505 91.5751 117.473 91.4795 117.473 91.384C117.473 91.2884 117.473 91.1928 117.569 91.161C117.632 91.1291 117.728 91.0973 117.856 91.0973H117.824ZM118.493 85.0772C118.493 85.0772 118.524 84.8542 118.62 84.7905C118.715 84.6949 118.811 84.6631 118.907 84.6631C119.002 84.6631 119.13 84.6949 119.193 84.7905C119.289 84.8861 119.321 84.9816 119.321 85.0772C119.321 85.1727 119.289 85.3001 119.193 85.3638C119.098 85.4594 119.002 85.4912 118.907 85.4912C118.811 85.4912 118.684 85.4594 118.62 85.3638C118.524 85.2683 118.493 85.1727 118.493 85.0772ZM119.83 85.0772C119.83 85.0772 119.862 84.8542 119.958 84.7905C120.053 84.6949 120.149 84.6631 120.244 84.6631C120.34 84.6631 120.467 84.6949 120.531 84.7905C120.627 84.8861 120.659 84.9816 120.659 85.0772C120.659 85.1727 120.627 85.3001 120.531 85.3638C120.436 85.4594 120.34 85.4912 120.244 85.4912C120.149 85.4912 120.021 85.4594 119.958 85.3638C119.894 85.2683 119.83 85.1727 119.83 85.0772Z" fill="white"/>
<path d="M121.137 91.0973C121.391 91.0973 121.582 91.0973 121.774 91.0654C121.933 91.0654 122.092 90.9699 122.22 90.8743C122.347 90.7787 122.443 90.6195 122.506 90.4284C122.57 90.2373 122.602 89.9824 122.602 89.6639V83.166H123.239V89.9506C123.239 90.301 123.334 90.5876 123.557 90.7787C123.78 90.9699 124.099 91.0654 124.513 91.0654C124.64 91.0654 124.704 91.0654 124.768 91.1291C124.831 91.1928 124.863 91.2565 124.863 91.3521C124.863 91.5432 124.8 91.6387 124.672 91.6387C124.29 91.6387 123.94 91.5751 123.653 91.4795C123.366 91.3839 123.143 91.1928 123.016 90.938C122.888 91.161 122.697 91.3521 122.411 91.4795C122.124 91.6069 121.774 91.6706 121.328 91.6706C121.168 91.6706 121.041 91.6706 120.946 91.6069C120.85 91.5751 120.818 91.4795 120.818 91.3839C120.818 91.2884 120.818 91.1928 120.882 91.161C120.945 91.1291 121.041 91.0973 121.168 91.0973H121.137Z" fill="white"/>
<path d="M124.482 91.0973C124.768 91.0973 124.991 91.0973 125.151 91.0336C125.31 91.0017 125.469 90.938 125.565 90.8424C125.692 90.7469 125.756 90.6195 125.82 90.4284C125.883 90.2373 125.915 89.9824 125.915 89.6639V83.166H126.552V89.8232C126.552 90.078 126.552 90.3328 126.457 90.5558C126.361 90.7787 126.297 90.9699 126.138 91.1291C125.979 91.2884 125.788 91.4158 125.533 91.5113C125.278 91.6069 124.96 91.6387 124.609 91.6387C124.45 91.6387 124.322 91.6388 124.227 91.5751C124.131 91.5432 124.1 91.4476 124.1 91.3521C124.1 91.2565 124.099 91.161 124.163 91.1291C124.227 91.0973 124.323 91.0654 124.45 91.0654L124.482 91.0973Z" fill="white"/>
<path d="M42.4596 83.8037H43.1284V92.0535H42.4596V83.8037Z" fill="white"/>
<path d="M45.8983 85.9374V86.9886C46.0894 86.6064 46.3443 86.3197 46.6946 86.1286C47.045 85.9056 47.4593 85.8101 47.8734 85.8101C48.5423 85.8101 49.0837 86.0012 49.466 86.4152C49.8482 86.8293 50.0393 87.3708 50.0393 88.0397V92.0213H49.3703V88.2627C49.3703 87.976 49.3704 87.7212 49.2749 87.4664C49.1793 87.2116 49.1155 87.0204 48.9881 86.8612C48.8607 86.7019 48.7015 86.5745 48.4786 86.479C48.2556 86.3834 48.0006 86.3515 47.7139 86.3515C47.491 86.3515 47.2362 86.3834 47.0133 86.479C46.7903 86.5745 46.5992 86.7019 46.4081 86.8612C46.2488 87.0204 46.0895 87.2434 45.994 87.5301C45.8984 87.7849 45.8348 88.1353 45.8348 88.4857V92.0531H45.1658V85.9693H45.8029L45.8983 85.9374Z" fill="white"/>
<path d="M55.2325 86.6707C55.0095 86.5751 54.7864 86.4796 54.5316 86.4477C54.2768 86.4159 54.022 86.384 53.7672 86.384C53.6079 86.384 53.4169 86.384 53.2576 86.4477C53.0984 86.5114 52.9709 86.5433 52.8116 86.607C52.6524 86.6707 52.5886 86.7981 52.493 86.9255C52.4293 87.0529 52.3657 87.2122 52.3657 87.4033C52.3657 87.5626 52.3657 87.7218 52.4294 87.8174C52.4931 87.9129 52.5885 88.0403 52.6841 88.1359C52.7797 88.2314 52.9389 88.327 53.0982 88.3907C53.2575 88.4544 53.4486 88.55 53.7034 88.6455C53.9901 88.7411 54.2449 88.8366 54.4678 88.9641C54.6908 89.0596 54.8819 89.187 55.073 89.3463C55.2323 89.4737 55.3597 89.6648 55.4552 89.8559C55.5508 90.047 55.5828 90.27 55.5828 90.5248C55.5828 90.8115 55.5191 91.0982 55.4236 91.2893C55.2961 91.5122 55.1687 91.6715 54.9776 91.7989C54.7865 91.9263 54.5634 92.0219 54.3086 92.0856C54.0538 92.1493 53.799 92.1812 53.5123 92.1812C53.1619 92.1812 52.8115 92.1493 52.493 92.0537C52.1426 91.99 51.856 91.8626 51.5693 91.7352L51.7605 91.1937C52.0153 91.3211 52.302 91.4167 52.6205 91.5122C52.9391 91.5759 53.2256 91.6396 53.5123 91.6396C53.9582 91.6396 54.3087 91.5441 54.5635 91.353C54.8183 91.1619 54.9457 90.907 54.9457 90.5248C54.9457 90.3656 54.9139 90.2063 54.8184 90.0789C54.7546 89.9515 54.6271 89.8241 54.4997 89.7285C54.3723 89.6329 54.2132 89.5374 54.022 89.4418C53.8309 89.3463 53.6079 89.2507 53.385 89.1552C52.8435 88.964 52.3975 88.7411 52.1108 88.4544C51.8241 88.1996 51.665 87.8492 51.665 87.4033C51.665 87.1166 51.7287 86.8936 51.8242 86.6707C51.9516 86.4796 52.1108 86.2884 52.3019 86.161C52.493 86.0336 52.716 85.9381 52.939 85.8744C53.1619 85.8107 53.4167 85.7788 53.6715 85.7788C53.9582 85.7788 54.2449 85.7788 54.5316 85.8744C54.8183 85.9381 55.0731 86.0018 55.296 86.1292L55.1368 86.6388L55.2325 86.6707Z" fill="white"/>
<path d="M61.4455 92.0214V90.9703C61.2544 91.3525 60.9995 91.6392 60.6492 91.8303C60.2988 92.0214 59.8847 92.1488 59.4706 92.1488C58.7699 92.1488 58.2603 91.9577 57.878 91.5436C57.4958 91.1295 57.3047 90.5881 57.3047 89.9192V85.9376H57.9737V89.6962C57.9737 89.9829 57.9736 90.2377 58.0691 90.4925C58.1328 90.7155 58.2285 90.9384 58.3559 91.0977C58.4833 91.257 58.6425 91.3844 58.8654 91.4799C59.0566 91.5755 59.3434 91.6073 59.6301 91.6073C59.8849 91.6073 60.1078 91.5755 60.3307 91.4799C60.5537 91.3844 60.7448 91.257 60.9359 91.0977C61.0952 90.9384 61.2545 90.7155 61.35 90.4288C61.4456 90.1421 61.5092 89.8236 61.5092 89.4732V85.9058H62.1782V91.9896H61.5411L61.4455 92.0214Z" fill="white"/>
<path d="M66.8893 86.384C66.8893 86.384 66.6025 86.3522 66.4114 86.3522C65.9336 86.3522 65.5515 86.5433 65.2648 86.8936C64.9781 87.244 64.8188 87.7855 64.8188 88.4544V92.0219H64.15V85.9381H64.7871V86.9573C64.9145 86.5751 65.1373 86.2884 65.424 86.0973C65.7107 85.9062 66.0611 85.7788 66.4752 85.7788H66.6982C66.6982 85.7788 66.8575 85.7788 66.9212 85.7788V86.3203L66.8893 86.384Z" fill="white"/>
<path d="M71.3492 88.0406C71.3492 87.4673 71.2218 87.0213 70.9351 86.7665C70.6484 86.5117 70.2343 86.3524 69.6928 86.3524C69.438 86.3524 69.1832 86.3524 68.8965 86.448C68.6098 86.5117 68.355 86.6072 68.1002 86.7028L67.941 86.1613C68.1958 86.0657 68.4506 86.002 68.7692 85.9383C69.0877 85.8746 69.4061 85.8428 69.6928 85.8428C70.4254 85.8428 70.9987 86.0339 71.3809 86.3843C71.7631 86.7347 71.9544 87.2761 71.9544 88.0087V90.5888C71.9544 90.8118 71.9544 91.0347 71.9544 91.3214C71.9544 91.6081 72.018 91.831 72.0499 92.054H71.4446C71.4128 91.8629 71.381 91.6718 71.3492 91.4807C71.3492 91.2577 71.3492 91.0666 71.3173 90.9073C71.158 91.2896 70.9033 91.6081 70.5529 91.831C70.2025 92.0859 69.7247 92.2133 69.1833 92.2133C68.9284 92.2133 68.6735 92.1814 68.4505 92.1177C68.2275 92.054 68.0046 91.9266 67.8453 91.7992C67.686 91.6399 67.5268 91.4807 67.4312 91.2258C67.3357 90.971 67.272 90.7162 67.272 90.4295C67.272 90.0154 67.3677 89.6651 67.5906 89.4103C67.8136 89.1554 68.0683 88.9325 68.4505 88.7732C68.8009 88.614 69.215 88.5184 69.7247 88.4547C70.2025 88.391 70.744 88.3591 71.3173 88.3591V88.0725L71.3492 88.0406ZM71.0624 88.8369C70.6484 88.8369 70.2661 88.8369 69.8839 88.9006C69.5017 88.9325 69.1832 89.028 68.8965 89.1236C68.6098 89.2191 68.3868 89.3784 68.2275 89.6014C68.0683 89.7925 67.9728 90.0473 67.9728 90.3658C67.9728 90.7481 68.1002 91.0666 68.3232 91.2895C68.5461 91.5125 68.8965 91.6399 69.3106 91.6399C69.661 91.6399 69.9794 91.5762 70.2342 91.4488C70.4891 91.3214 70.7121 91.1621 70.8713 90.9392C71.0306 90.7162 71.158 90.4932 71.2535 90.2384C71.3491 89.9836 71.3809 89.6969 71.3809 89.4103V88.8369H71.0943H71.0624Z" fill="white"/>
<path d="M74.6642 85.9374V86.9886C74.8554 86.6064 75.1102 86.3197 75.4606 86.1286C75.8109 85.9056 76.225 85.8101 76.6391 85.8101C77.308 85.8101 77.8495 86.0012 78.2317 86.4152C78.6139 86.8293 78.805 87.3708 78.805 88.0397V92.0213H78.1362V88.2627C78.1362 87.976 78.1362 87.7212 78.0406 87.4664C77.945 87.2116 77.8812 87.0204 77.7538 86.8612C77.6264 86.7019 77.4673 86.5745 77.2443 86.479C77.0213 86.3834 76.7665 86.3515 76.4799 86.3515C76.2569 86.3515 76.002 86.3834 75.779 86.479C75.556 86.5745 75.3649 86.7019 75.1738 86.8612C75.0145 87.0204 74.8555 87.2434 74.7599 87.5301C74.6643 87.7849 74.6005 88.1353 74.6005 88.4857V92.0531H73.9317V85.9693H74.5686L74.6642 85.9374Z" fill="white"/>
<path d="M84.6638 86.5745C84.4727 86.479 84.2816 86.4153 84.0905 86.3834C83.8994 86.3516 83.7083 86.3197 83.4853 86.3197C83.1031 86.3197 82.7845 86.3834 82.466 86.5427C82.1793 86.6701 81.9244 86.8612 81.7333 87.116C81.5422 87.339 81.383 87.6256 81.2875 87.9442C81.1919 88.2627 81.1283 88.6131 81.1283 88.9953C81.1283 89.3775 81.1919 89.6961 81.2875 90.0146C81.383 90.3331 81.5422 90.6198 81.7333 90.8427C81.9244 91.0657 82.1793 91.2887 82.466 91.4161C82.7527 91.5435 83.1031 91.639 83.4853 91.639C83.7083 91.639 83.9311 91.639 84.1222 91.5753C84.3452 91.5435 84.5363 91.4798 84.7274 91.3842L84.8549 91.9257C84.632 92.0213 84.4089 92.085 84.186 92.1168C83.963 92.1487 83.7401 92.1805 83.4853 92.1805C83.0075 92.1805 82.5615 92.085 82.2111 91.9257C81.8289 91.7665 81.5104 91.5435 81.2556 91.2568C81.0008 90.9701 80.8097 90.6198 80.6823 90.2375C80.5549 89.8553 80.4912 89.4412 80.4912 88.9953C80.4912 88.5494 80.5549 88.1353 80.6823 87.753C80.8097 87.3708 81.0008 87.0204 81.2875 86.7338C81.5742 86.4471 81.8608 86.2241 82.243 86.0649C82.6253 85.9056 83.0394 85.8101 83.5172 85.8101C84.0268 85.8101 84.4727 85.8738 84.8549 86.033L84.6957 86.5745H84.6638Z" fill="white"/>
<path d="M90.8745 89.1236H86.3832C86.3832 89.4421 86.4469 89.7606 86.5424 90.0792C86.638 90.3977 86.7973 90.6525 86.9884 90.8755C87.1795 91.0984 87.4343 91.2895 87.721 91.4169C88.0076 91.5444 88.358 91.6081 88.7403 91.6081C89.0269 91.6081 89.3137 91.6081 89.6003 91.5444C89.887 91.4807 90.1418 91.417 90.3648 91.3214L90.4921 91.8629C90.2373 91.9584 89.9826 92.0221 89.6641 92.0858C89.3456 92.1496 89.0588 92.1814 88.7403 92.1814C88.2625 92.1814 87.8166 92.0859 87.4344 91.9266C87.0522 91.7673 86.7337 91.5444 86.4789 91.2577C86.2241 90.971 86.033 90.6207 85.9055 90.2384C85.7781 89.8562 85.7142 89.4103 85.7142 88.9643C85.7142 88.5502 85.7781 88.1361 85.8737 87.7539C85.9692 87.3717 86.1603 87.0532 86.3832 86.7665C86.6062 86.4798 86.8929 86.2569 87.2433 86.0976C87.5937 85.9383 87.9759 85.8428 88.3899 85.8428C88.804 85.8428 89.1862 85.9065 89.5047 86.0657C89.8232 86.225 90.0782 86.4161 90.2693 86.6709C90.4604 86.9258 90.6195 87.2443 90.7151 87.5947C90.8107 87.945 90.8745 88.3591 90.8745 88.8051V89.1873V89.1236ZM90.2693 88.5184C90.2693 87.8495 90.11 87.308 89.7915 86.9258C89.4729 86.5435 88.9952 86.3524 88.4218 86.3524C88.1033 86.3524 87.8166 86.4161 87.5617 86.5435C87.3069 86.6709 87.0839 86.8302 86.9247 87.0532C86.7654 87.2761 86.638 87.4991 86.5424 87.7858C86.4469 88.0406 86.4151 88.3273 86.3832 88.6139H90.2693V88.5502V88.5184Z" fill="white"/>
</svg>
