<svg width="167" height="426" viewBox="0 0 167 426" fill="none" xmlns="http://www.w3.org/2000/svg">
<path d="M29.4565 151.562C29.4565 151.562 29.4565 151.455 29.4565 151.383C29.5634 142.736 31.3805 134.16 34.3377 126.012L35.9054 121.617C38.2569 115.042 41.3209 108.717 45.4183 103.107C45.4183 103.071 45.4896 103.036 45.4896 103V104.001L45.5607 103C45.5607 103.036 45.632 103.071 45.632 103.107C49.7294 108.717 52.7934 115.042 55.1449 121.617L56.7126 125.977C59.6342 134.124 61.4869 142.7 61.5938 151.348C61.5938 151.419 61.5938 151.455 61.5938 151.526C61.5938 151.955 61.5938 152.384 61.5938 152.813C61.5938 153.241 61.5938 153.67 61.5938 154.099C61.5938 154.17 61.5938 154.206 61.5938 154.278C61.4869 162.961 59.6698 171.501 56.7126 179.649L55.1449 184.008C52.7934 190.547 49.7294 196.872 45.632 202.518C45.632 202.554 45.5607 202.59 45.5607 202.625V201.625L45.4896 202.625C45.4896 202.59 45.4183 202.554 45.4183 202.518C41.3209 196.872 38.2569 190.547 35.9054 184.008L34.3377 179.613C31.4161 171.466 29.5634 162.89 29.4565 154.242C29.4565 154.171 29.4565 154.135 29.4565 154.063C29.4565 153.635 29.4565 153.206 29.4565 152.777C29.4565 152.348 29.4565 151.919 29.4565 151.491V151.562ZM39.4326 155.707C39.4326 156.1 39.4327 156.529 39.4683 156.922C39.5395 158.351 39.6463 159.816 39.7888 161.282C39.7888 161.424 39.7889 161.532 39.8245 161.675C39.967 163.175 40.1807 164.748 40.4301 166.32C41.8909 175.253 44.3849 181.292 45.525 183.651C46.6295 181.328 49.1594 175.289 50.6202 166.32C50.8696 164.748 51.0833 163.175 51.2258 161.675C51.2258 161.532 51.2258 161.424 51.2615 161.282C51.404 159.781 51.5108 158.351 51.582 156.922C51.582 156.529 51.6177 156.136 51.6177 155.707C51.6177 154.742 51.6533 153.813 51.6533 152.848C51.6533 151.919 51.6533 150.99 51.6177 149.99C51.6177 149.597 51.6176 149.168 51.582 148.775C51.5108 147.345 51.404 145.88 51.2615 144.415C51.2615 144.272 51.2614 144.165 51.2258 144.022C51.0833 142.521 50.8696 140.949 50.6202 139.377C49.1594 130.443 46.6652 124.404 45.525 122.046C44.4205 124.369 41.8909 130.408 40.4301 139.377C40.1807 140.949 39.967 142.521 39.8245 144.022C39.8245 144.165 39.8245 144.272 39.7888 144.415C39.6463 145.916 39.5395 147.345 39.4683 148.775C39.4683 149.168 39.4326 149.561 39.4326 149.99C39.4326 150.954 39.397 151.884 39.397 152.848C39.397 153.778 39.397 154.707 39.4326 155.707Z" fill="#E6EDF2" fill-opacity="0.5"/>
<path d="M29.4565 254.937C29.4565 254.937 29.4565 254.83 29.4565 254.758C29.5634 246.111 31.3805 237.535 34.3377 229.387L35.9054 224.992C38.2569 218.417 41.3209 212.092 45.4183 206.482C45.4183 206.446 45.4896 206.411 45.4896 206.375V207.376L45.5607 206.375C45.5607 206.411 45.632 206.446 45.632 206.482C49.7294 212.092 52.7934 218.417 55.1449 224.992L56.7126 229.352C59.6342 237.499 61.4869 246.075 61.5938 254.723C61.5938 254.794 61.5938 254.83 61.5938 254.901C61.5938 255.33 61.5938 255.759 61.5938 256.188C61.5938 256.616 61.5938 257.045 61.5938 257.474C61.5938 257.545 61.5938 257.581 61.5938 257.653C61.4869 266.336 59.6698 274.876 56.7126 283.024L55.1449 287.383C52.7934 293.922 49.7294 300.247 45.632 305.893C45.632 305.929 45.5607 305.965 45.5607 306V305L45.4896 306C45.4896 305.965 45.4183 305.929 45.4183 305.893C41.3209 300.247 38.2569 293.922 35.9054 287.383L34.3377 282.988C31.4161 274.841 29.5634 266.265 29.4565 257.617C29.4565 257.546 29.4565 257.51 29.4565 257.438C29.4565 257.01 29.4565 256.581 29.4565 256.152C29.4565 255.723 29.4565 255.294 29.4565 254.866V254.937ZM39.4326 259.082C39.4326 259.475 39.4327 259.904 39.4683 260.297C39.5395 261.726 39.6463 263.191 39.7888 264.657C39.7888 264.799 39.7889 264.907 39.8245 265.05C39.967 266.55 40.1807 268.123 40.4301 269.695C41.8909 278.628 44.3849 284.667 45.525 287.026C46.6295 284.703 49.1594 278.664 50.6202 269.695C50.8696 268.123 51.0833 266.55 51.2258 265.05C51.2258 264.907 51.2258 264.799 51.2615 264.657C51.404 263.156 51.5108 261.726 51.582 260.297C51.582 259.904 51.6177 259.511 51.6177 259.082C51.6177 258.117 51.6533 257.188 51.6533 256.223C51.6533 255.294 51.6533 254.365 51.6177 253.365C51.6177 252.972 51.6176 252.543 51.582 252.15C51.5108 250.72 51.404 249.255 51.2615 247.79C51.2615 247.647 51.2614 247.54 51.2258 247.397C51.0833 245.896 50.8696 244.324 50.6202 242.752C49.1594 233.818 46.6652 227.779 45.525 225.421C44.4205 227.744 41.8909 233.783 40.4301 242.752C40.1807 244.324 39.967 245.896 39.8245 247.397C39.8245 247.54 39.8245 247.647 39.7888 247.79C39.6463 249.291 39.5395 250.72 39.4683 252.15C39.4683 252.543 39.4326 252.936 39.4326 253.365C39.4326 254.329 39.397 255.259 39.397 256.223C39.397 257.153 39.397 258.082 39.4326 259.082Z" fill="#E6EDF2" fill-opacity="0.5"/>
<path d="M-0.000485523 201.374C-0.000485523 201.374 -0.000485523 201.267 -0.000485523 201.196C0.106401 192.548 1.92346 183.972 4.88067 175.825L6.44835 171.43C8.79987 164.855 11.8639 158.53 15.9612 152.92C15.9612 152.884 16.0326 152.848 16.0326 152.812V153.813L16.1037 152.812C16.1037 152.848 16.175 152.884 16.175 152.92C20.2723 158.53 23.3364 164.855 25.6879 171.43L27.2556 175.789C30.1771 183.936 32.0298 192.513 32.1367 201.16C32.1367 201.232 32.1367 201.267 32.1367 201.339C32.1367 201.767 32.1367 202.196 32.1367 202.625C32.1367 203.054 32.1367 203.483 32.1367 203.912C32.1367 203.983 32.1367 204.019 32.1367 204.09C32.0298 212.774 30.2128 221.314 27.2556 229.461L25.6879 233.821C23.3364 240.36 20.2723 246.685 16.175 252.331C16.175 252.366 16.1037 252.402 16.1037 252.438V251.437L16.0326 252.438C16.0326 252.402 15.9612 252.366 15.9612 252.331C11.8639 246.685 8.79987 240.36 6.44835 233.821L4.88067 229.425C1.95909 221.278 0.106401 212.702 -0.000485523 204.054C-0.000485523 203.983 -0.000485523 203.947 -0.000485523 203.876C-0.000485523 203.447 -0.000485523 203.018 -0.000485523 202.589C-0.000485523 202.161 -0.000485523 201.732 -0.000485523 201.303V201.374ZM9.97559 205.52C9.97559 205.913 9.97562 206.341 10.0113 206.735C10.0825 208.164 10.1893 209.629 10.3318 211.094C10.3318 211.237 10.3318 211.344 10.3675 211.487C10.51 212.988 10.7237 214.56 10.9731 216.132C12.4339 225.066 14.9279 231.105 16.068 233.463C17.1725 231.141 19.7024 225.102 21.1631 216.132C21.4125 214.56 21.6263 212.988 21.7688 211.487C21.7688 211.344 21.7688 211.237 21.8044 211.094C21.947 209.593 22.0537 208.164 22.125 206.735C22.125 206.341 22.1606 205.948 22.1606 205.52C22.1606 204.555 22.1963 203.626 22.1963 202.661C22.1963 201.732 22.1963 200.803 22.1606 199.802C22.1606 199.409 22.1606 198.98 22.125 198.587C22.0537 197.158 21.947 195.693 21.8044 194.228C21.8044 194.085 21.8044 193.978 21.7688 193.835C21.6263 192.334 21.4125 190.762 21.1631 189.189C19.7024 180.256 17.2081 174.217 16.068 171.858C14.9635 174.181 12.4339 180.22 10.9731 189.189C10.7237 190.762 10.51 192.334 10.3675 193.835C10.3675 193.978 10.3674 194.085 10.3318 194.228C10.1893 195.729 10.0825 197.158 10.0113 198.587C10.0113 198.98 9.97559 199.373 9.97559 199.802C9.97559 200.767 9.93993 201.696 9.93993 202.661C9.93993 203.59 9.93996 204.519 9.97559 205.52Z" fill="#E6EDF2" fill-opacity="0.5"/>
<path d="M58.3823 201.374C58.3823 201.374 58.3823 201.267 58.3823 201.196C58.4892 192.548 60.3063 183.972 63.2635 175.825L64.8312 171.43C67.1827 164.855 70.2467 158.53 74.344 152.92C74.344 152.884 74.4154 152.848 74.4154 152.812V153.813L74.4865 152.812C74.4865 152.848 74.5578 152.884 74.5578 152.92C78.6551 158.53 81.7192 164.855 84.0707 171.43L85.6384 175.789C88.56 183.936 90.4126 192.513 90.5195 201.16C90.5195 201.232 90.5195 201.267 90.5195 201.339C90.5195 201.767 90.5195 202.196 90.5195 202.625C90.5195 203.054 90.5195 203.483 90.5195 203.912C90.5195 203.983 90.5195 204.019 90.5195 204.09C90.4126 212.774 88.5956 221.314 85.6384 229.461L84.0707 233.821C81.7192 240.36 78.6551 246.685 74.5578 252.331C74.5578 252.366 74.4865 252.402 74.4865 252.438V251.437L74.4154 252.438C74.4154 252.402 74.344 252.366 74.344 252.331C70.2467 246.685 67.1827 240.36 64.8312 233.821L63.2635 229.425C60.3419 221.278 58.4892 212.702 58.3823 204.054C58.3823 203.983 58.3823 203.947 58.3823 203.876C58.3823 203.447 58.3823 203.018 58.3823 202.589C58.3823 202.161 58.3823 201.732 58.3823 201.303V201.374ZM68.3584 205.52C68.3584 205.913 68.3584 206.341 68.3941 206.735C68.4653 208.164 68.5721 209.629 68.7146 211.094C68.7146 211.237 68.7146 211.344 68.7503 211.487C68.8928 212.988 69.1065 214.56 69.3559 216.132C70.8167 225.066 73.3107 231.105 74.4508 233.463C75.5553 231.141 78.0852 225.102 79.546 216.132C79.7954 214.56 80.0091 212.988 80.1516 211.487C80.1516 211.344 80.1516 211.237 80.1873 211.094C80.3298 209.593 80.4365 208.164 80.5078 206.735C80.5078 206.341 80.5435 205.948 80.5435 205.52C80.5435 204.555 80.5791 203.626 80.5791 202.661C80.5791 201.732 80.5791 200.803 80.5435 199.802C80.5435 199.409 80.5434 198.98 80.5078 198.587C80.4365 197.158 80.3298 195.693 80.1873 194.228C80.1873 194.085 80.1872 193.978 80.1516 193.835C80.0091 192.334 79.7954 190.762 79.546 189.189C78.0852 180.256 75.5909 174.217 74.4508 171.858C73.3463 174.181 70.8167 180.22 69.3559 189.189C69.1065 190.762 68.8928 192.334 68.7503 193.835C68.7503 193.978 68.7502 194.085 68.7146 194.228C68.5721 195.729 68.4653 197.158 68.3941 198.587C68.3941 198.98 68.3584 199.373 68.3584 199.802C68.3584 200.767 68.3227 201.696 68.3227 202.661C68.3227 203.59 68.3228 204.519 68.3584 205.52Z" fill="#E6EDF2" fill-opacity="0.5"/>
<path d="M105.468 48.562C105.468 48.562 105.468 48.4548 105.468 48.3833C105.575 39.7358 107.392 31.1597 110.349 23.0125L111.917 18.6172C114.269 12.0422 117.333 5.71737 121.43 0.107196C121.43 0.0714629 121.501 0.0357336 121.501 0V1.00054L121.572 0C121.572 0.0357336 121.644 0.0714629 121.644 0.107196C125.741 5.71737 128.805 12.0422 131.157 18.6172L132.724 22.9767C135.646 31.1239 137.499 39.7 137.605 48.3476C137.605 48.419 137.605 48.4547 137.605 48.5262C137.605 48.955 137.605 49.3839 137.605 49.8127C137.605 50.2415 137.605 50.6702 137.605 51.099C137.605 51.1705 137.605 51.2063 137.605 51.2778C137.499 59.961 135.682 68.5014 132.724 76.6486L131.157 81.0081C128.805 87.5474 125.741 93.8722 121.644 99.5181C121.644 99.5539 121.572 99.5896 121.572 99.6253V98.6248L121.501 99.6253C121.501 99.5896 121.43 99.5539 121.43 99.5181C117.333 93.8722 114.269 87.5474 111.917 81.0081L110.349 76.6129C107.428 68.4656 105.575 59.8895 105.468 51.242C105.468 51.1705 105.468 51.1348 105.468 51.0634C105.468 50.6346 105.468 50.2057 105.468 49.7769C105.468 49.3481 105.468 48.9193 105.468 48.4905V48.562ZM115.444 52.7071C115.444 53.1001 115.444 53.5289 115.48 53.922C115.551 55.3514 115.658 56.8164 115.801 58.2815C115.801 58.4244 115.801 58.5317 115.836 58.6746C115.979 60.1754 116.192 61.7477 116.442 63.32C117.903 72.2534 120.397 78.2924 121.537 80.6508C122.641 78.3281 125.171 72.2891 126.632 63.32C126.881 61.7477 127.095 60.1754 127.238 58.6746C127.238 58.5317 127.238 58.4244 127.273 58.2815C127.416 56.7807 127.522 55.3514 127.594 53.922C127.594 53.5289 127.629 53.1359 127.629 52.7071C127.629 51.7423 127.665 50.8132 127.665 49.8484C127.665 48.9194 127.665 47.9902 127.629 46.9897C127.629 46.5966 127.629 46.1678 127.594 45.7747C127.522 44.3454 127.416 42.8803 127.273 41.4152C127.273 41.2723 127.273 41.1652 127.238 41.0222C127.095 39.5214 126.881 37.9491 126.632 36.3768C125.171 27.4434 122.677 21.4044 121.537 19.046C120.432 21.3687 117.903 27.4077 116.442 36.3768C116.192 37.9491 115.979 39.5214 115.836 41.0222C115.836 41.1652 115.836 41.2723 115.801 41.4152C115.658 42.9161 115.551 44.3454 115.48 45.7747C115.48 46.1678 115.444 46.5609 115.444 46.9897C115.444 47.9545 115.409 48.8836 115.409 49.8484C115.409 50.7775 115.409 51.7065 115.444 52.7071Z" fill="#E6EDF2" fill-opacity="0.5"/>
<path d="M105.468 151.937C105.468 151.937 105.468 151.83 105.468 151.758C105.575 143.111 107.392 134.535 110.349 126.387L111.917 121.992C114.269 115.417 117.333 109.092 121.43 103.482C121.43 103.446 121.501 103.411 121.501 103.375V104.376L121.572 103.375C121.572 103.411 121.644 103.446 121.644 103.482C125.741 109.092 128.805 115.417 131.157 121.992L132.724 126.352C135.646 134.499 137.499 143.075 137.605 151.723C137.605 151.794 137.605 151.83 137.605 151.901C137.605 152.33 137.605 152.759 137.605 153.188C137.605 153.616 137.605 154.045 137.605 154.474C137.605 154.545 137.605 154.581 137.605 154.653C137.499 163.336 135.682 171.876 132.724 180.024L131.157 184.383C128.805 190.922 125.741 197.247 121.644 202.893C121.644 202.929 121.572 202.965 121.572 203V202L121.501 203C121.501 202.965 121.43 202.929 121.43 202.893C117.333 197.247 114.269 190.922 111.917 184.383L110.349 179.988C107.428 171.841 105.575 163.265 105.468 154.617C105.468 154.546 105.468 154.51 105.468 154.438C105.468 154.01 105.468 153.581 105.468 153.152C105.468 152.723 105.468 152.294 105.468 151.866V151.937ZM115.444 156.082C115.444 156.475 115.444 156.904 115.48 157.297C115.551 158.726 115.658 160.191 115.801 161.657C115.801 161.799 115.801 161.907 115.836 162.05C115.979 163.55 116.192 165.123 116.442 166.695C117.903 175.628 120.397 181.667 121.537 184.026C122.641 181.703 125.171 175.664 126.632 166.695C126.881 165.123 127.095 163.55 127.238 162.05C127.238 161.907 127.238 161.799 127.273 161.657C127.416 160.156 127.522 158.726 127.594 157.297C127.594 156.904 127.629 156.511 127.629 156.082C127.629 155.117 127.665 154.188 127.665 153.223C127.665 152.294 127.665 151.365 127.629 150.365C127.629 149.972 127.629 149.543 127.594 149.15C127.522 147.72 127.416 146.255 127.273 144.79C127.273 144.647 127.273 144.54 127.238 144.397C127.095 142.896 126.881 141.324 126.632 139.752C125.171 130.818 122.677 124.779 121.537 122.421C120.432 124.744 117.903 130.783 116.442 139.752C116.192 141.324 115.979 142.896 115.836 144.397C115.836 144.54 115.836 144.647 115.801 144.79C115.658 146.291 115.551 147.72 115.48 149.15C115.48 149.543 115.444 149.936 115.444 150.365C115.444 151.329 115.409 152.259 115.409 153.223C115.409 154.153 115.409 155.082 115.444 156.082Z" fill="#E6EDF2" fill-opacity="0.5"/>
<path d="M76.0112 98.3745C76.0112 98.3745 76.0112 98.2673 76.0112 98.1958C76.1181 89.5483 77.9352 80.9722 80.8924 72.825L82.4601 68.4297C84.8116 61.8547 87.8756 55.5299 91.973 49.9197C91.973 49.884 92.0443 49.8482 92.0443 49.8125V50.813L92.1154 49.8125C92.1154 49.8482 92.1867 49.884 92.1867 49.9197C96.2841 55.5299 99.3481 61.8547 101.7 68.4297L103.267 72.7892C106.189 80.9364 108.042 89.5125 108.148 98.1601C108.148 98.2315 108.148 98.2672 108.148 98.3387C108.148 98.7675 108.148 99.1964 108.148 99.6252C108.148 100.054 108.148 100.483 108.148 100.912C108.148 100.983 108.148 101.019 108.148 101.09C108.042 109.774 106.224 118.314 103.267 126.461L101.7 130.821C99.3481 137.36 96.2841 143.685 92.1867 149.331C92.1867 149.366 92.1154 149.402 92.1154 149.438V148.437L92.0443 149.438C92.0443 149.402 91.973 149.366 91.973 149.331C87.8756 143.685 84.8116 137.36 82.4601 130.821L80.8924 126.425C77.9708 118.278 76.1181 109.702 76.0112 101.054C76.0112 100.983 76.0112 100.947 76.0112 100.876C76.0112 100.447 76.0112 100.018 76.0112 99.5894C76.0112 99.1606 76.0112 98.7318 76.0112 98.303V98.3745ZM85.9873 102.52C85.9873 102.913 85.9873 103.341 86.023 103.735C86.0942 105.164 86.201 106.629 86.3435 108.094C86.3435 108.237 86.3435 108.344 86.3792 108.487C86.5217 109.988 86.7354 111.56 86.9848 113.132C88.4456 122.066 90.9396 128.105 92.0797 130.463C93.1842 128.141 95.7141 122.102 97.1749 113.132C97.4243 111.56 97.638 109.988 97.7805 108.487C97.7805 108.344 97.7805 108.237 97.8162 108.094C97.9587 106.593 98.0654 105.164 98.1367 103.735C98.1367 103.341 98.1724 102.948 98.1724 102.52C98.1724 101.555 98.208 100.626 98.208 99.6609C98.208 98.7319 98.208 97.8027 98.1724 96.8022C98.1724 96.4091 98.1723 95.9803 98.1367 95.5872C98.0654 94.1579 97.9587 92.6928 97.8162 91.2277C97.8162 91.0848 97.8161 90.9777 97.7805 90.8347C97.638 89.3339 97.4243 87.7616 97.1749 86.1893C95.7141 77.2559 93.2199 71.2169 92.0797 68.8585C90.9752 71.1812 88.4456 77.2202 86.9848 86.1893C86.7354 87.7616 86.5217 89.3339 86.3792 90.8347C86.3792 90.9777 86.3791 91.0848 86.3435 91.2277C86.201 92.7286 86.0942 94.1579 86.023 95.5872C86.023 95.9803 85.9873 96.3734 85.9873 96.8022C85.9873 97.767 85.9516 98.6961 85.9516 99.6609C85.9516 100.59 85.9517 101.519 85.9873 102.52Z" fill="#E6EDF2" fill-opacity="0.5"/>
<path d="M134.394 98.3745C134.394 98.3745 134.394 98.2673 134.394 98.1958C134.501 89.5483 136.318 80.9722 139.275 72.825L140.843 68.4297C143.194 61.8547 146.258 55.5299 150.356 49.9197C150.356 49.884 150.427 49.8482 150.427 49.8125V50.813L150.498 49.8125C150.498 49.8482 150.57 49.884 150.57 49.9197C154.667 55.5299 157.731 61.8547 160.082 68.4297L161.65 72.7892C164.572 80.9364 166.424 89.5125 166.531 98.1601C166.531 98.2315 166.531 98.2672 166.531 98.3387C166.531 98.7675 166.531 99.1964 166.531 99.6252C166.531 100.054 166.531 100.483 166.531 100.912C166.531 100.983 166.531 101.019 166.531 101.09C166.424 109.774 164.607 118.314 161.65 126.461L160.082 130.821C157.731 137.36 154.667 143.685 150.57 149.331C150.57 149.366 150.498 149.402 150.498 149.438V148.437L150.427 149.438C150.427 149.402 150.356 149.366 150.356 149.331C146.258 143.685 143.194 137.36 140.843 130.821L139.275 126.425C136.354 118.278 134.501 109.702 134.394 101.054C134.394 100.983 134.394 100.947 134.394 100.876C134.394 100.447 134.394 100.018 134.394 99.5894C134.394 99.1606 134.394 98.7318 134.394 98.303V98.3745ZM144.37 102.52C144.37 102.913 144.37 103.341 144.406 103.735C144.477 105.164 144.584 106.629 144.726 108.094C144.726 108.237 144.726 108.344 144.762 108.487C144.905 109.988 145.118 111.56 145.368 113.132C146.828 122.066 149.322 128.105 150.463 130.463C151.567 128.141 154.097 122.102 155.558 113.132C155.807 111.56 156.021 109.988 156.163 108.487C156.163 108.344 156.163 108.237 156.199 108.094C156.341 106.593 156.448 105.164 156.52 103.735C156.52 103.341 156.555 102.948 156.555 102.52C156.555 101.555 156.591 100.626 156.591 99.6609C156.591 98.7319 156.591 97.8027 156.555 96.8022C156.555 96.4091 156.555 95.9803 156.52 95.5872C156.448 94.1579 156.341 92.6928 156.199 91.2277C156.199 91.0848 156.199 90.9777 156.163 90.8347C156.021 89.3339 155.807 87.7616 155.558 86.1893C154.097 77.2559 151.603 71.2169 150.463 68.8585C149.358 71.1812 146.828 77.2202 145.368 86.1893C145.118 87.7616 144.905 89.3339 144.762 90.8347C144.762 90.9777 144.762 91.0848 144.726 91.2277C144.584 92.7286 144.477 94.1579 144.406 95.5872C144.406 95.9803 144.37 96.3734 144.37 96.8022C144.37 97.767 144.334 98.6961 144.334 99.6609C144.334 100.59 144.334 101.519 144.37 102.52Z" fill="#E6EDF2" fill-opacity="0.5"/>
<path d="M105.468 271.562C105.468 271.562 105.468 271.455 105.468 271.383C105.575 262.736 107.392 254.16 110.349 246.012L111.917 241.617C114.269 235.042 117.333 228.717 121.43 223.107C121.43 223.071 121.501 223.036 121.501 223V224.001L121.572 223C121.572 223.036 121.644 223.071 121.644 223.107C125.741 228.717 128.805 235.042 131.157 241.617L132.724 245.977C135.646 254.124 137.499 262.7 137.605 271.348C137.605 271.419 137.605 271.455 137.605 271.526C137.605 271.955 137.605 272.384 137.605 272.813C137.605 273.241 137.605 273.67 137.605 274.099C137.605 274.17 137.605 274.206 137.605 274.278C137.499 282.961 135.682 291.501 132.724 299.649L131.157 304.008C128.805 310.547 125.741 316.872 121.644 322.518C121.644 322.554 121.572 322.59 121.572 322.625V321.625L121.501 322.625C121.501 322.59 121.43 322.554 121.43 322.518C117.333 316.872 114.269 310.547 111.917 304.008L110.349 299.613C107.428 291.466 105.575 282.89 105.468 274.242C105.468 274.171 105.468 274.135 105.468 274.063C105.468 273.635 105.468 273.206 105.468 272.777C105.468 272.348 105.468 271.919 105.468 271.491V271.562ZM115.444 275.707C115.444 276.1 115.444 276.529 115.48 276.922C115.551 278.351 115.658 279.816 115.801 281.282C115.801 281.424 115.801 281.532 115.836 281.675C115.979 283.175 116.192 284.748 116.442 286.32C117.903 295.253 120.397 301.292 121.537 303.651C122.641 301.328 125.171 295.289 126.632 286.32C126.881 284.748 127.095 283.175 127.238 281.675C127.238 281.532 127.238 281.424 127.273 281.282C127.416 279.781 127.522 278.351 127.594 276.922C127.594 276.529 127.629 276.136 127.629 275.707C127.629 274.742 127.665 273.813 127.665 272.848C127.665 271.919 127.665 270.99 127.629 269.99C127.629 269.597 127.629 269.168 127.594 268.775C127.522 267.345 127.416 265.88 127.273 264.415C127.273 264.272 127.273 264.165 127.238 264.022C127.095 262.521 126.881 260.949 126.632 259.377C125.171 250.443 122.677 244.404 121.537 242.046C120.432 244.369 117.903 250.408 116.442 259.377C116.192 260.949 115.979 262.521 115.836 264.022C115.836 264.165 115.836 264.272 115.801 264.415C115.658 265.916 115.551 267.345 115.48 268.775C115.48 269.168 115.444 269.561 115.444 269.99C115.444 270.954 115.409 271.884 115.409 272.848C115.409 273.778 115.409 274.707 115.444 275.707Z" fill="#E6EDF2" fill-opacity="0.5"/>
<path d="M105.468 374.937C105.468 374.937 105.468 374.83 105.468 374.758C105.575 366.111 107.392 357.535 110.349 349.387L111.917 344.992C114.269 338.417 117.333 332.092 121.43 326.482C121.43 326.446 121.501 326.411 121.501 326.375V327.376L121.572 326.375C121.572 326.411 121.644 326.446 121.644 326.482C125.741 332.092 128.805 338.417 131.157 344.992L132.724 349.352C135.646 357.499 137.499 366.075 137.605 374.723C137.605 374.794 137.605 374.83 137.605 374.901C137.605 375.33 137.605 375.759 137.605 376.188C137.605 376.616 137.605 377.045 137.605 377.474C137.605 377.545 137.605 377.581 137.605 377.653C137.499 386.336 135.682 394.876 132.724 403.024L131.157 407.383C128.805 413.922 125.741 420.247 121.644 425.893C121.644 425.929 121.572 425.965 121.572 426V425L121.501 426C121.501 425.965 121.43 425.929 121.43 425.893C117.333 420.247 114.269 413.922 111.917 407.383L110.349 402.988C107.428 394.841 105.575 386.265 105.468 377.617C105.468 377.546 105.468 377.51 105.468 377.438C105.468 377.01 105.468 376.581 105.468 376.152C105.468 375.723 105.468 375.294 105.468 374.866V374.937ZM115.444 379.082C115.444 379.475 115.444 379.904 115.48 380.297C115.551 381.726 115.658 383.191 115.801 384.657C115.801 384.799 115.801 384.907 115.836 385.05C115.979 386.55 116.192 388.123 116.442 389.695C117.903 398.628 120.397 404.667 121.537 407.026C122.641 404.703 125.171 398.664 126.632 389.695C126.881 388.123 127.095 386.55 127.238 385.05C127.238 384.907 127.238 384.799 127.273 384.657C127.416 383.156 127.522 381.726 127.594 380.297C127.594 379.904 127.629 379.511 127.629 379.082C127.629 378.117 127.665 377.188 127.665 376.223C127.665 375.294 127.665 374.365 127.629 373.365C127.629 372.972 127.629 372.543 127.594 372.15C127.522 370.72 127.416 369.255 127.273 367.79C127.273 367.647 127.273 367.54 127.238 367.397C127.095 365.896 126.881 364.324 126.632 362.752C125.171 353.818 122.677 347.779 121.537 345.421C120.432 347.744 117.903 353.783 116.442 362.752C116.192 364.324 115.979 365.896 115.836 367.397C115.836 367.54 115.836 367.647 115.801 367.79C115.658 369.291 115.551 370.72 115.48 372.15C115.48 372.543 115.444 372.936 115.444 373.365C115.444 374.329 115.409 375.259 115.409 376.223C115.409 377.153 115.409 378.082 115.444 379.082Z" fill="#E6EDF2" fill-opacity="0.5"/>
<path d="M76.0112 321.374C76.0112 321.374 76.0112 321.267 76.0112 321.196C76.1181 312.548 77.9352 303.972 80.8924 295.825L82.4601 291.43C84.8116 284.855 87.8756 278.53 91.973 272.92C91.973 272.884 92.0443 272.848 92.0443 272.812V273.813L92.1154 272.812C92.1154 272.848 92.1867 272.884 92.1867 272.92C96.2841 278.53 99.3481 284.855 101.7 291.43L103.267 295.789C106.189 303.936 108.042 312.513 108.148 321.16C108.148 321.232 108.148 321.267 108.148 321.339C108.148 321.767 108.148 322.196 108.148 322.625C108.148 323.054 108.148 323.483 108.148 323.912C108.148 323.983 108.148 324.019 108.148 324.09C108.042 332.774 106.224 341.314 103.267 349.461L101.7 353.821C99.3481 360.36 96.2841 366.685 92.1867 372.331C92.1867 372.366 92.1154 372.402 92.1154 372.438V371.437L92.0443 372.438C92.0443 372.402 91.973 372.366 91.973 372.331C87.8756 366.685 84.8116 360.36 82.4601 353.821L80.8924 349.425C77.9708 341.278 76.1181 332.702 76.0112 324.054C76.0112 323.983 76.0112 323.947 76.0112 323.876C76.0112 323.447 76.0112 323.018 76.0112 322.589C76.0112 322.161 76.0112 321.732 76.0112 321.303V321.374ZM85.9873 325.52C85.9873 325.913 85.9873 326.341 86.023 326.735C86.0942 328.164 86.201 329.629 86.3435 331.094C86.3435 331.237 86.3435 331.344 86.3792 331.487C86.5217 332.988 86.7354 334.56 86.9848 336.132C88.4456 345.066 90.9396 351.105 92.0797 353.463C93.1842 351.141 95.7141 345.102 97.1749 336.132C97.4243 334.56 97.638 332.988 97.7805 331.487C97.7805 331.344 97.7805 331.237 97.8162 331.094C97.9587 329.593 98.0654 328.164 98.1367 326.735C98.1367 326.341 98.1724 325.948 98.1724 325.52C98.1724 324.555 98.208 323.626 98.208 322.661C98.208 321.732 98.208 320.803 98.1724 319.802C98.1724 319.409 98.1723 318.98 98.1367 318.587C98.0654 317.158 97.9587 315.693 97.8162 314.228C97.8162 314.085 97.8161 313.978 97.7805 313.835C97.638 312.334 97.4243 310.762 97.1749 309.189C95.7141 300.256 93.2199 294.217 92.0797 291.858C90.9752 294.181 88.4456 300.22 86.9848 309.189C86.7354 310.762 86.5217 312.334 86.3792 313.835C86.3792 313.978 86.3791 314.085 86.3435 314.228C86.201 315.729 86.0942 317.158 86.023 318.587C86.023 318.98 85.9873 319.373 85.9873 319.802C85.9873 320.767 85.9516 321.696 85.9516 322.661C85.9516 323.59 85.9517 324.519 85.9873 325.52Z" fill="#E6EDF2" fill-opacity="0.5"/>
<path d="M134.394 321.374C134.394 321.374 134.394 321.267 134.394 321.196C134.501 312.548 136.318 303.972 139.275 295.825L140.843 291.43C143.194 284.855 146.258 278.53 150.356 272.92C150.356 272.884 150.427 272.848 150.427 272.812V273.813L150.498 272.812C150.498 272.848 150.57 272.884 150.57 272.92C154.667 278.53 157.731 284.855 160.082 291.43L161.65 295.789C164.572 303.936 166.424 312.513 166.531 321.16C166.531 321.232 166.531 321.267 166.531 321.339C166.531 321.767 166.531 322.196 166.531 322.625C166.531 323.054 166.531 323.483 166.531 323.912C166.531 323.983 166.531 324.019 166.531 324.09C166.424 332.774 164.607 341.314 161.65 349.461L160.082 353.821C157.731 360.36 154.667 366.685 150.57 372.331C150.57 372.366 150.498 372.402 150.498 372.438V371.437L150.427 372.438C150.427 372.402 150.356 372.366 150.356 372.331C146.258 366.685 143.194 360.36 140.843 353.821L139.275 349.425C136.354 341.278 134.501 332.702 134.394 324.054C134.394 323.983 134.394 323.947 134.394 323.876C134.394 323.447 134.394 323.018 134.394 322.589C134.394 322.161 134.394 321.732 134.394 321.303V321.374ZM144.37 325.52C144.37 325.913 144.37 326.341 144.406 326.735C144.477 328.164 144.584 329.629 144.726 331.094C144.726 331.237 144.726 331.344 144.762 331.487C144.905 332.988 145.118 334.56 145.368 336.132C146.828 345.066 149.322 351.105 150.463 353.463C151.567 351.141 154.097 345.102 155.558 336.132C155.807 334.56 156.021 332.988 156.163 331.487C156.163 331.344 156.163 331.237 156.199 331.094C156.341 329.593 156.448 328.164 156.52 326.735C156.52 326.341 156.555 325.948 156.555 325.52C156.555 324.555 156.591 323.626 156.591 322.661C156.591 321.732 156.591 320.803 156.555 319.802C156.555 319.409 156.555 318.98 156.52 318.587C156.448 317.158 156.341 315.693 156.199 314.228C156.199 314.085 156.199 313.978 156.163 313.835C156.021 312.334 155.807 310.762 155.558 309.189C154.097 300.256 151.603 294.217 150.463 291.858C149.358 294.181 146.828 300.22 145.368 309.189C145.118 310.762 144.905 312.334 144.762 313.835C144.762 313.978 144.762 314.085 144.726 314.228C144.584 315.729 144.477 317.158 144.406 318.587C144.406 318.98 144.37 319.373 144.37 319.802C144.37 320.767 144.334 321.696 144.334 322.661C144.334 323.59 144.334 324.519 144.37 325.52Z" fill="#E6EDF2" fill-opacity="0.5"/>
</svg>
